7011
7012
7013
7014
7015
7016
7017
7018
7019
70110
70111
70112
70113
70114
70115
70116
70117
70118
70119
70120
70121
70122
70123
70124
70125
70126
70127
70128
70129
70130
70131
7021
7022
7023
7024
7025
7026
7027
7028
7029
70210
70211
70212
70213
70214
70215
70216
70217
70218
70219
70220
70221
70222
70223
70224
70225
70226
70227
70228
7031
7032
7033
7034
7035
7036
7037
7038
7039
70310
70311
70312
70313
70314
70315
70316
70317
70318
70319
70320
70321
70322
70323
70324
70325
70326
70327
70328
70329
70330
70331
7041
7042
7043
7044
7045
7046
7047
7048
7049
70410
70411
70412
70413
70414
70415
70416
70417
70418
70419
70420
70421
70422
70423
70424
70425
70426
70427
70428
70429
70430
7051
7052
7053
7054
7055
7056
7057
7058
7059
70510
70511
70512
70513
70514
70515
70516
70517
70518
70519
70520
70521
70522
70523
70524
70525
70526
70527
70528
70529
70530
70531
7061
7062
7063
7064
7065
7066
7067
7068
7069
70610
70611
70612
70613
70614
70615
70616
70617
70618
70619
70620
70621
70622
70623
70624
70625
70626
70627
70628
70629
70630
7071
7072
7073
7074
7075
7076
7077
7078
7079
70710
70711
70712
70713
70714
70715
70716
70717
70718
70719
70720
70721
70722
70723
70724
70725
70726
70727
70728
70729
70730
70731
7081
7082
7083
7084
7085
7086
7087
7088
7089
70810
70811
70812
70813
70814
70815
70816
70817
70818
70819
70820
70821
70822
70823
70824
70825
70826
70827
70828
70829
70830
70831
7091
7092
7093
7094
7095
7096
7097
7098
7099
70910
70911
70912
70913
70914
70915
70916
70917
70918
70919
70920
70921
70922
70923
70924
70925
70926
70927
70928
70929
70930
70101
70102
70103
70104
70105
70106
70107
70108
70109
701010
701011
701012
701013
701014
701015
701016
701017
701018
701019
701020
701021
701022
701023
701024
701025
701026
701027
701028
701029
701030
701031
70111
70112
70113
70114
70115
70116
70117
70118
70119
701110
701111
701112
701113
701114
701115
701116
701117
701118
701119
701120
701121
701122
701123
701124
701125
701126
701127
701128
701129
701130
70121
70122
70123
70124
70125
70126
70127
70128
70129
701210
701211
701212
701213
701214
701215
701216
701217
701218
701219
701220
701221
701222
701223
701224
701225
701226
701227
701228
701229
701230
701231
7111
7112
7113
7114
7115
7116
7117
7118
7119
71110
71111
71112
71113
71114
71115
71116
71117
71118
71119
71120
71121
71122
71123
71124
71125
71126
71127
71128
71129
71130
71131
7121
7122
7123
7124
7125
7126
7127
7128
7129
71210
71211
71212
71213
71214
71215
71216
71217
71218
71219
71220
71221
71222
71223
71224
71225
71226
71227
71228
7131
7132
7133
7134
7135
7136
7137
7138
7139
71310
71311
71312
71313
71314
71315
71316
71317
71318
71319
71320
71321
71322
71323
71324
71325
71326
71327
71328
71329
71330
71331
7141
7142
7143
7144
7145
7146
7147
7148
7149
71410
71411
71412
71413
71414
71415
71416
71417
71418
71419
71420
71421
71422
71423
71424
71425
71426
71427
71428
71429
71430
7151
7152
7153
7154
7155
7156
7157
7158
7159
71510
71511
71512
71513
71514
71515
71516
71517
71518
71519
71520
71521
71522
71523
71524
71525
71526
71527
71528
71529
71530
71531
7161
7162
7163
7164
7165
7166
7167
7168
7169
71610
71611
71612
71613
71614
71615
71616
71617
71618
71619
71620
71621
71622
71623
71624
71625
71626
71627
71628
71629
71630
7171
7172
7173
7174
7175
7176
7177
7178
7179
71710
71711
71712
71713
71714
71715
71716
71717
71718
71719
71720
71721
71722
71723
71724
71725
71726
71727
71728
71729
71730
71731
7181
7182
7183
7184
7185
7186
7187
7188
7189
71810
71811
71812
71813
71814
71815
71816
71817
71818
71819
71820
71821
71822
71823
71824
71825
71826
71827
71828
71829
71830
71831
7191
7192
7193
7194
7195
7196
7197
7198
7199
71910
71911
71912
71913
71914
71915
71916
71917
71918
71919
71920
71921
71922
71923
71924
71925
71926
71927
71928
71929
71930
71101
71102
71103
71104
71105
71106
71107
71108
71109
711010
711011
711012
711013
711014
711015
711016
711017
711018
711019
711020
711021
711022
711023
711024
711025
711026
711027
711028
711029
711030
711031
71111
71112
71113
71114
71115
71116
71117
71118
71119
711110
711111
711112
711113
711114
711115
711116
711117
711118
711119
711120
711121
711122
711123
711124
711125
711126
711127
711128
711129
711130
71121
71122
71123
71124
71125
71126
71127
71128
71129
711210
711211
711212
711213
711214
711215
711216
711217
711218
711219
711220
711221
711222
711223
711224
711225
711226
711227
711228
711229
711230
711231
7211
7212
7213
7214
7215
7216
7217
7218
7219
72110
72111
72112
72113
72114
72115
72116
72117
72118
72119
72120
72121
72122
72123
72124
72125
72126
72127
72128
72129
72130
72131
7221
7222
7223
7224
7225
7226
7227
7228
7229
72210
72211
72212
72213
72214
72215
72216
72217
72218
72219
72220
72221
72222
72223
72224
72225
72226
72227
72228
72229
7231
7232
7233
7234
7235
7236
7237
7238
7239
72310
72311
72312
72313
72314
72315
72316
72317
72318
72319
72320
72321
72322
72323
72324
72325
72326
72327
72328
72329
72330
72331
7241
7242
7243
7244
7245
7246
7247
7248
7249
72410
72411
72412
72413
72414
72415
72416
72417
72418
72419
72420
72421
72422
72423
72424
72425
72426
72427
72428
72429
72430
7251
7252
7253
7254
7255
7256
7257
7258
7259
72510
72511
72512
72513
72514
72515
72516
72517
72518
72519
72520
72521
72522
72523
72524
72525
72526
72527
72528
72529
72530
72531
7261
7262
7263
7264
7265
7266
7267
7268
7269
72610
72611
72612
72613
72614
72615
72616
72617
72618
72619
72620
72621
72622
72623
72624
72625
72626
72627
72628
72629
72630
7271
7272
7273
7274
7275
7276
7277
7278
7279
72710
72711
72712
72713
72714
72715
72716
72717
72718
72719
72720
72721
72722
72723
72724
72725
72726
72727
72728
72729
72730
72731
7281
7282
7283
7284
7285
7286
7287
7288
7289
72810
72811
72812
72813
72814
72815
72816
72817
72818
72819
72820
72821
72822
72823
72824
72825
72826
72827
72828
72829
72830
72831
7291
7292
7293
7294
7295
7296
7297
7298
7299
72910
72911
72912
72913
72914
72915
72916
72917
72918
72919
72920
72921
72922
72923
72924
72925
72926
72927
72928
72929
72930
72101
72102
72103
72104
72105
72106
72107
72108
72109
721010
721011
721012
721013
721014
721015
721016
721017
721018
721019
721020
721021
721022
721023
721024
721025
721026
721027
721028
721029
721030
721031
72111
72112
72113
72114
72115
72116
72117
72118
72119
721110
721111
721112
721113
721114
721115
721116
721117
721118
721119
721120
721121
721122
721123
721124
721125
721126
721127
721128
721129
721130
72121
72122
72123
72124
72125
72126
72127
72128
72129
721210
721211
721212
721213
721214
721215
721216
721217
721218
721219
721220
721221
721222
721223
721224
721225
721226
721227
721228
721229
721230
721231
7311
7312
7313
7314
7315
7316
7317
7318
7319
73110
73111
73112
73113
73114
73115
73116
73117
73118
73119
73120
73121
73122
73123
73124
73125
73126
73127
73128
73129
73130
73131
7321
7322
7323
7324
7325
7326
7327
7328
7329
73210
73211
73212
73213
73214
73215
73216
73217
73218
73219
73220
73221
73222
73223
73224
73225
73226
73227
73228
7331
7332
7333
7334
7335
7336
7337
7338
7339
73310
73311
73312
73313
73314
73315
73316
73317
73318
73319
73320
73321
73322
73323
73324
73325
73326
73327
73328
73329
73330
73331
7341
7342
7343
7344
7345
7346
7347
7348
7349
73410
73411
73412
73413
73414
73415
73416
73417
73418
73419
73420
73421
73422
73423
73424
73425
73426
73427
73428
73429
73430
7351
7352
7353
7354
7355
7356
7357
7358
7359
73510
73511
73512
73513
73514
73515
73516
73517
73518
73519
73520
73521
73522
73523
73524
73525
73526
73527
73528
73529
73530
73531
7361
7362
7363
7364
7365
7366
7367
7368
7369
73610
73611
73612
73613
73614
73615
73616
73617
73618
73619
73620
73621
73622
73623
73624
73625
73626
73627
73628
73629
73630
7371
7372
7373
7374
7375
7376
7377
7378
7379
73710
73711
73712
73713
73714
73715
73716
73717
73718
73719
73720
73721
73722
73723
73724
73725
73726
73727
73728
73729
73730
73731
7381
7382
7383
7384
7385
7386
7387
7388
7389
73810
73811
73812
73813
73814
73815
73816
73817
73818
73819
73820
73821
73822
73823
73824
73825
73826
73827
73828
73829
73830
73831
7391
7392
7393
7394
7395
7396
7397
7398
7399
73910
73911
73912
73913
73914
73915
73916
73917
73918
73919
73920
73921
73922
73923
73924
73925
73926
73927
73928
73929
73930
73101
73102
73103
73104
73105
73106
73107
73108
73109
731010
731011
731012
731013
731014
731015
731016
731017
731018
731019
731020
731021
731022
731023
731024
731025
731026
731027
731028
731029
731030
731031
73111
73112
73113
73114
73115
73116
73117
73118
73119
731110
731111
731112
731113
731114
731115
731116
731117
731118
731119
731120
731121
731122
731123
731124
731125
731126
731127
731128
731129
731130
73121
73122
73123
73124
73125
73126
73127
73128
73129
731210
731211
731212
731213
731214
731215
731216
731217
731218
731219
731220
731221
731222
731223
731224
731225
731226
731227
731228
731229
731230
731231
7411
7412
7413
7414
7415
7416
7417
7418
7419
74110
74111
74112
74113
74114
74115
74116
74117
74118
74119
74120
74121
74122
74123
74124
74125
74126
74127
74128
74129
74130
74131
7421
7422
7423
7424
7425
7426
7427
7428
7429
74210
74211
74212
74213
74214
74215
74216
74217
74218
74219
74220
74221
74222
74223
74224
74225
74226
74227
74228
7431
7432
7433
7434
7435
7436
7437
7438
7439
74310
74311
74312
74313
74314
74315
74316
74317
74318
74319
74320
74321
74322
74323
74324
74325
74326
74327
74328
74329
74330
74331
7441
7442
7443
7444
7445
7446
7447
7448
7449
74410
74411
74412
74413
74414
74415
74416
74417
74418
74419
74420
74421
74422
74423
74424
74425
74426
74427
74428
74429
74430
7451
7452
7453
7454
7455
7456
7457
7458
7459
74510
74511
74512
74513
74514
74515
74516
74517
74518
74519
74520
74521
74522
74523
74524
74525
74526
74527
74528
74529
74530
74531
7461
7462
7463
7464
7465
7466
7467
7468
7469
74610
74611
74612
74613
74614
74615
74616
74617
74618
74619
74620
74621
74622
74623
74624
74625
74626
74627
74628
74629
74630
7471
7472
7473
7474
7475
7476
7477
7478
7479
74710
74711
74712
74713
74714
74715
74716
74717
74718
74719
74720
74721
74722
74723
74724
74725
74726
74727
74728
74729
74730
74731
7481
7482
7483
7484
7485
7486
7487
7488
7489
74810
74811
74812
74813
74814
74815
74816
74817
74818
74819
74820
74821
74822
74823
74824
74825
74826
74827
74828
74829
74830
74831
7491
7492
7493
7494
7495
7496
7497
7498
7499
74910
74911
74912
74913
74914
74915
74916
74917
74918
74919
74920
74921
74922
74923
74924
74925
74926
74927
74928
74929
74930
74101
74102
74103
74104
74105
74106
74107
74108
74109
741010
741011
741012
741013
741014
741015
741016
741017
741018
741019
741020
741021
741022
741023
741024
741025
741026
741027
741028
741029
741030
741031
74111
74112
74113
74114
74115
74116
74117
74118
74119
741110
741111
741112
741113
741114
741115
741116
741117
741118
741119
741120
741121
741122
741123
741124
741125
741126
741127
741128
741129
741130
74121
74122
74123
74124
74125
74126
74127
74128
74129
741210
741211
741212
741213
741214
741215
741216
741217
741218
741219
741220
741221
741222
741223
741224
741225
741226
741227
741228
741229
741230
741231
7511
7512
7513
7514
7515
7516
7517
7518
7519
75110
75111
75112
75113
75114
75115
75116
75117
75118
75119
75120
75121
75122
75123
75124
75125
75126
75127
75128
75129
75130
75131
7521
7522
7523
7524
7525
7526
7527
7528
7529
75210
75211
75212
75213
75214
75215
75216
75217
75218
75219
75220
75221
75222
75223
75224
75225
75226
75227
75228
7531
7532
7533
7534
7535
7536
7537
7538
7539
75310
75311
75312
75313
75314
75315
75316
75317
75318
75319
75320
75321
75322
75323
75324
75325
75326
75327
75328
75329
75330
75331
7541
7542
7543
7544
7545
7546
7547
7548
7549
75410
75411
75412
75413
75414
75415
75416
75417
75418
75419
75420
75421
75422
75423
75424
75425
75426
75427
75428
75429
75430
7551
7552
7553
7554
7555
7556
7557
7558
7559
75510
75511
75512
75513
75514
75515
75516
75517
75518
75519
75520
75521
75522
75523
75524
75525
75526
75527
75528
75529
75530
75531
7561
7562
7563
7564
7565
7566
7567
7568
7569
75610
75611
75612
75613
75614
75615
75616
75617
75618
75619
75620
75621
75622
75623
75624
75625
75626
75627
75628
75629
75630
7571
7572
7573
7574
7575
7576
7577
7578
7579
75710
75711
75712
75713
75714
75715
75716
75717
75718
75719
75720
75721
75722
75723
75724
75725
75726
75727
75728
75729
75730
75731
7581
7582
7583
7584
7585
7586
7587
7588
7589
75810
75811
75812
75813
75814
75815
75816
75817
75818
75819
75820
75821
75822
75823
75824
75825
75826
75827
75828
75829
75830
75831
7591
7592
7593
7594
7595
7596
7597
7598
7599
75910
75911
75912
75913
75914
75915
75916
75917
75918
75919
75920
75921
75922
75923
75924
75925
75926
75927
75928
75929
75930
75101
75102
75103
75104
75105
75106
75107
75108
75109
751010
751011
751012
751013
751014
751015
751016
751017
751018
751019
751020
751021
751022
751023
751024
751025
751026
751027
751028
751029
751030
751031
75111
75112
75113
75114
75115
75116
75117
75118
75119
751110
751111
751112
751113
751114
751115
751116
751117
751118
751119
751120
751121
751122
751123
751124
751125
751126
751127
751128
751129
751130
75121
75122
75123
75124
75125
75126
75127
75128
75129
751210
751211
751212
751213
751214
751215
751216
751217
751218
751219
751220
751221
751222
751223
751224
751225
751226
751227
751228
751229
751230
751231
7611
7612
7613
7614
7615
7616
7617
7618
7619
76110
76111
76112
76113
76114
76115
76116
76117
76118
76119
76120
76121
76122
76123
76124
76125
76126
76127
76128
76129
76130
76131
7621
7622
7623
7624
7625
7626
7627
7628
7629
76210
76211
76212
76213
76214
76215
76216
76217
76218
76219
76220
76221
76222
76223
76224
76225
76226
76227
76228
76229
7631
7632
7633
7634
7635
7636
7637
7638
7639
76310
76311
76312
76313
76314
76315
76316
76317
76318
76319
76320
76321
76322
76323
76324
76325
76326
76327
76328
76329
76330
76331
7641
7642
7643
7644
7645
7646
7647
7648
7649
76410
76411
76412
76413
76414
76415
76416
76417
76418
76419
76420
76421
76422
76423
76424
76425
76426
76427
76428
76429
76430
7651
7652
7653
7654
7655
7656
7657
7658
7659
76510
76511
76512
76513
76514
76515
76516
76517
76518
76519
76520
76521
76522
76523
76524
76525
76526
76527
76528
76529
76530
76531
7661
7662
7663
7664
7665
7666
7667
7668
7669
76610
76611
76612
76613
76614
76615
76616
76617
76618
76619
76620
76621
76622
76623
76624
76625
76626
76627
76628
76629
76630
7671
7672
7673
7674
7675
7676
7677
7678
7679
76710
76711
76712
76713
76714
76715
76716
76717
76718
76719
76720
76721
76722
76723
76724
76725
76726
76727
76728
76729
76730
76731
7681
7682
7683
7684
7685
7686
7687
7688
7689
76810
76811
76812
76813
76814
76815
76816
76817
76818
76819
76820
76821
76822
76823
76824
76825
76826
76827
76828
76829
76830
76831
7691
7692
7693
7694
7695
7696
7697
7698
7699
76910
76911
76912
76913
76914
76915
76916
76917
76918
76919
76920
76921
76922
76923
76924
76925
76926
76927
76928
76929
76930
76101
76102
76103
76104
76105
76106
76107
76108
76109
761010
761011
761012
761013
761014
761015
761016
761017
761018
761019
761020
761021
761022
761023
761024
761025
761026
761027
761028
761029
761030
761031
76111
76112
76113
76114
76115
76116
76117
76118
76119
761110
761111
761112
761113
761114
761115
761116
761117
761118
761119
761120
761121
761122
761123
761124
761125
761126
761127
761128
761129
761130
76121
76122
76123
76124
76125
76126
76127
76128
76129
761210
761211
761212
761213
761214
761215
761216
761217
761218
761219
761220
761221
761222
761223
761224
761225
761226
761227
761228
761229
761230
761231
7711
7712
7713
7714
7715
7716
7717
7718
7719
77110
77111
77112
77113
77114
77115
77116
77117
77118
77119
77120
77121
77122
77123
77124
77125
77126
77127
77128
77129
77130
77131
7721
7722
7723
7724
7725
7726
7727
7728
7729
77210
77211
77212
77213
77214
77215
77216
77217
77218
77219
77220
77221
77222
77223
77224
77225
77226
77227
77228
7731
7732
7733
7734
7735
7736
7737
7738
7739
77310
77311
77312
77313
77314
77315
77316
77317
77318
77319
77320
77321
77322
77323
77324
77325
77326
77327
77328
77329
77330
77331
7741
7742
7743
7744
7745
7746
7747
7748
7749
77410
77411
77412
77413
77414
77415
77416
77417
77418
77419
77420
77421
77422
77423
77424
77425
77426
77427
77428
77429
77430
7751
7752
7753
7754
7755
7756
7757
7758
7759
77510
77511
77512
77513
77514
77515
77516
77517
77518
77519
77520
77521
77522
77523
77524
77525
77526
77527
77528
77529
77530
77531
7761
7762
7763
7764
7765
7766
7767
7768
7769
77610
77611
77612
77613
77614
77615
77616
77617
77618
77619
77620
77621
77622
77623
77624
77625
77626
77627
77628
77629
77630
7771
7772
7773
7774
7775
7776
7777
7778
7779
77710
77711
77712
77713
77714
77715
77716
77717
77718
77719
77720
77721
77722
77723
77724
77725
77726
77727
77728
77729
77730
77731
7781
7782
7783
7784
7785
7786
7787
7788
7789
77810
77811
77812
77813
77814
77815
77816
77817
77818
77819
77820
77821
77822
77823
77824
77825
77826
77827
77828
77829
77830
77831
7791
7792
7793
7794
7795
7796
7797
7798
7799
77910
77911
77912
77913
77914
77915
77916
77917
77918
77919
77920
77921
77922
77923
77924
77925
77926
77927
77928
77929
77930
77101
77102
77103
77104
77105
77106
77107
77108
77109
771010
771011
771012
771013
771014
771015
771016
771017
771018
771019
771020
771021
771022
771023
771024
771025
771026
771027
771028
771029
771030
771031
77111
77112
77113
77114
77115
77116
77117
77118
77119
771110
771111
771112
771113
771114
771115
771116
771117
771118
771119
771120
771121
771122
771123
771124
771125
771126
771127
771128
771129
771130
77121
77122
77123
77124
77125
77126
77127
77128
77129
771210
771211
771212
771213
771214
771215
771216
771217
771218
771219
771220
771221
771222
771223
771224
771225
771226
771227
771228
771229
771230
771231
7811
7812
7813
7814
7815
7816
7817
7818
7819
78110
78111
78112
78113
78114
78115
78116
78117
78118
78119
78120
78121
78122
78123
78124
78125
78126
78127
78128
78129
78130
78131
7821
7822
7823
7824
7825
7826
7827
7828
7829
78210
78211
78212
78213
78214
78215
78216
78217
78218
78219
78220
78221
78222
78223
78224
78225
78226
78227
78228
7831
7832
7833
7834
7835
7836
7837
7838
7839
78310
78311
78312
78313
78314
78315
78316
78317
78318
78319
78320
78321
78322
78323
78324
78325
78326
78327
78328
78329
78330
78331
7841
7842
7843
7844
7845
7846
7847
7848
7849
78410
78411
78412
78413
78414
78415
78416
78417
78418
78419
78420
78421
78422
78423
78424
78425
78426
78427
78428
78429
78430
7851
7852
7853
7854
7855
7856
7857
7858
7859
78510
78511
78512
78513
78514
78515
78516
78517
78518
78519
78520
78521
78522
78523
78524
78525
78526
78527
78528
78529
78530
78531
7861
7862
7863
7864
7865
7866
7867
7868
7869
78610
78611
78612
78613
78614
78615
78616
78617
78618
78619
78620
78621
78622
78623
78624
78625
78626
78627
78628
78629
78630
7871
7872
7873
7874
7875
7876
7877
7878
7879
78710
78711
78712
78713
78714
78715
78716
78717
78718
78719
78720
78721
78722
78723
78724
78725
78726
78727
78728
78729
78730
78731
7881
7882
7883
7884
7885
7886
7887
7888
7889
78810
78811
78812
78813
78814
78815
78816
78817
78818
78819
78820
78821
78822
78823
78824
78825
78826
78827
78828
78829
78830
78831
7891
7892
7893
7894
7895
7896
7897
7898
7899
78910
78911
78912
78913
78914
78915
78916
78917
78918
78919
78920
78921
78922
78923
78924
78925
78926
78927
78928
78929
78930
78101
78102
78103
78104
78105
78106
78107
78108
78109
781010
781011
781012
781013
781014
781015
781016
781017
781018
781019
781020
781021
781022
781023
781024
781025
781026
781027
781028
781029
781030
781031
78111
78112
78113
78114
78115
78116
78117
78118
78119
781110
781111
781112
781113
781114
781115
781116
781117
781118
781119
781120
781121
781122
781123
781124
781125
781126
781127
781128
781129
781130
78121
78122
78123
78124
78125
78126
78127
78128
78129
781210
781211
781212
781213
781214
781215
781216
781217
781218
781219
781220
781221
781222
781223
781224
781225
781226
781227
781228
781229
781230
781231
7911
7912
7913
7914
7915
7916
7917
7918
7919
79110
79111
79112
79113
79114
79115
79116
79117
79118
79119
79120
79121
79122
79123
79124
79125
79126
79127
79128
79129
79130
79131
7921
7922
7923
7924
7925
7926
7927
7928
7929
79210
79211
79212
79213
79214
79215
79216
79217
79218
79219
79220
79221
79222
79223
79224
79225
79226
79227
79228
7931
7932
7933
7934
7935
7936
7937
7938
7939
79310
79311
79312
79313
79314
79315
79316
79317
79318
79319
79320
79321
79322
79323
79324
79325
79326
79327
79328
79329
79330
79331
7941
7942
7943
7944
7945
7946
7947
7948
7949
79410
79411
79412
79413
79414
79415
79416
79417
79418
79419
79420
79421
79422
79423
79424
79425
79426
79427
79428
79429
79430
7951
7952
7953
7954
7955
7956
7957
7958
7959
79510
79511
79512
79513
79514
79515
79516
79517
79518
79519
79520
79521
79522
79523
79524
79525
79526
79527
79528
79529
79530
79531
7961
7962
7963
7964
7965
7966
7967
7968
7969
79610
79611
79612
79613
79614
79615
79616
79617
79618
79619
79620
79621
79622
79623
79624
79625
79626
79627
79628
79629
79630
7971
7972
7973
7974
7975
7976
7977
7978
7979
79710
79711
79712
79713
79714
79715
79716
79717
79718
79719
79720
79721
79722
79723
79724
79725
79726
79727
79728
79729
79730
79731
7981
7982
7983
7984
7985
7986
7987
7988
7989
79810
79811
79812
79813
79814
79815
79816
79817
79818
79819
79820
79821
79822
79823
79824
79825
79826
79827
79828
79829
79830
79831
7991
7992
7993
7994
7995
7996
7997
7998
7999
79910
79911
79912
79913
79914
79915
79916
79917
79918
79919
79920
79921
79922
79923
79924
79925
79926
79927
79928
79929
79930
79101
79102
79103
79104
79105
79106
79107
79108
79109
791010
791011
791012
791013
791014
791015
791016
791017
791018
791019
791020
791021
791022
791023
791024
791025
791026
791027
791028
791029
791030
791031
79111
79112
79113
79114
79115
79116
79117
79118
79119
791110
791111
791112
791113
791114
791115
791116
791117
791118
791119
791120
791121
791122
791123
791124
791125
791126
791127
791128
791129
791130
79121
79122
79123
79124
79125
79126
79127
79128
79129
791210
791211
791212
791213
791214
791215
791216
791217
791218
791219
791220
791221
791222
791223
791224
791225
791226
791227
791228
791229
791230
791231
8011
8012
8013
8014
8015
8016
8017
8018
8019
80110
80111
80112
80113
80114
80115
80116
80117
80118
80119
80120
80121
80122
80123
80124
80125
80126
80127
80128
80129
80130
80131
8021
8022
8023
8024
8025
8026
8027
8028
8029
80210
80211
80212
80213
80214
80215
80216
80217
80218
80219
80220
80221
80222
80223
80224
80225
80226
80227
80228
80229
8031
8032
8033
8034
8035
8036
8037
8038
8039
80310
80311
80312
80313
80314
80315
80316
80317
80318
80319
80320
80321
80322
80323
80324
80325
80326
80327
80328
80329
80330
80331
8041
8042
8043
8044
8045
8046
8047
8048
8049
80410
80411
80412
80413
80414
80415
80416
80417
80418
80419
80420
80421
80422
80423
80424
80425
80426
80427
80428
80429
80430
8051
8052
8053
8054
8055
8056
8057
8058
8059
80510
80511
80512
80513
80514
80515
80516
80517
80518
80519
80520
80521
80522
80523
80524
80525
80526
80527
80528
80529
80530
80531
8061
8062
8063
8064
8065
8066
8067
8068
8069
80610
80611
80612
80613
80614
80615
80616
80617
80618
80619
80620
80621
80622
80623
80624
80625
80626
80627
80628
80629
80630
8071
8072
8073
8074
8075
8076
8077
8078
8079
80710
80711
80712
80713
80714
80715
80716
80717
80718
80719
80720
80721
80722
80723
80724
80725
80726
80727
80728
80729
80730
80731
8081
8082
8083
8084
8085
8086
8087
8088
8089
80810
80811
80812
80813
80814
80815
80816
80817
80818
80819
80820
80821
80822
80823
80824
80825
80826
80827
80828
80829
80830
80831
8091
8092
8093
8094
8095
8096
8097
8098
8099
80910
80911
80912
80913
80914
80915
80916
80917
80918
80919
80920
80921
80922
80923
80924
80925
80926
80927
80928
80929
80930
80101
80102
80103
80104
80105
80106
80107
80108
80109
801010
801011
801012
801013
801014
801015
801016
801017
801018
801019
801020
801021
801022
801023
801024
801025
801026
801027
801028
801029
801030
801031
80111
80112
80113
80114
80115
80116
80117
80118
80119
801110
801111
801112
801113
801114
801115
801116
801117
801118
801119
801120
801121
801122
801123
801124
801125
801126
801127
801128
801129
801130
80121
80122
80123
80124
80125
80126
80127
80128
80129
801210
801211
801212
801213
801214
801215
801216
801217
801218
801219
801220
801221
801222
801223
801224
801225
801226
801227
801228
801229
801230
801231
8111
8112
8113
8114
8115
8116
8117
8118
8119
81110
81111
81112
81113
81114
81115
81116
81117
81118
81119
81120
81121
81122
81123
81124
81125
81126
81127
81128
81129
81130
81131
8121
8122
8123
8124
8125
8126
8127
8128
8129
81210
81211
81212
81213
81214
81215
81216
81217
81218
81219
81220
81221
81222
81223
81224
81225
81226
81227
81228
8131
8132
8133
8134
8135
8136
8137
8138
8139
81310
81311
81312
81313
81314
81315
81316
81317
81318
81319
81320
81321
81322
81323
81324
81325
81326
81327
81328
81329
81330
81331
8141
8142
8143
8144
8145
8146
8147
8148
8149
81410
81411
81412
81413
81414
81415
81416
81417
81418
81419
81420
81421
81422
81423
81424
81425
81426
81427
81428
81429
81430
8151
8152
8153
8154
8155
8156
8157
8158
8159
81510
81511
81512
81513
81514
81515
81516
81517
81518
81519
81520
81521
81522
81523
81524
81525
81526
81527
81528
81529
81530
81531
8161
8162
8163
8164
8165
8166
8167
8168
8169
81610
81611
81612
81613
81614
81615
81616
81617
81618
81619
81620
81621
81622
81623
81624
81625
81626
81627
81628
81629
81630
8171
8172
8173
8174
8175
8176
8177
8178
8179
81710
81711
81712
81713
81714
81715
81716
81717
81718
81719
81720
81721
81722
81723
81724
81725
81726
81727
81728
81729
81730
81731
8181
8182
8183
8184
8185
8186
8187
8188
8189
81810
81811
81812
81813
81814
81815
81816
81817
81818
81819
81820
81821
81822
81823
81824
81825
81826
81827
81828
81829
81830
81831
8191
8192
8193
8194
8195
8196
8197
8198
8199
81910
81911
81912
81913
81914
81915
81916
81917
81918
81919
81920
81921
81922
81923
81924
81925
81926
81927
81928
81929
81930
81101
81102
81103
81104
81105
81106
81107
81108
81109
811010
811011
811012
811013
811014
811015
811016
811017
811018
811019
811020
811021
811022
811023
811024
811025
811026
811027
811028
811029
811030
811031
81111
81112
81113
81114
81115
81116
81117
81118
81119
811110
811111
811112
811113
811114
811115
811116
811117
811118
811119
811120
811121
811122
811123
811124
811125
811126
811127
811128
811129
811130
81121
81122
81123
81124
81125
81126
81127
81128
81129
811210
811211
811212
811213
811214
811215
811216
811217
811218
811219
811220
811221
811222
811223
811224
811225
811226
811227
811228
811229
811230
811231
8211
8212
8213
8214
8215
8216
8217
8218
8219
82110
82111
82112
82113
82114
82115
82116
82117
82118
82119
82120
82121
82122
82123
82124
82125
82126
82127
82128
82129
82130
82131
8221
8222
8223
8224
8225
8226
8227
8228
8229
82210
82211
82212
82213
82214
82215
82216
82217
82218
82219
82220
82221
82222
82223
82224
82225
82226
82227
82228
8231
8232
8233
8234
8235
8236
8237
8238
8239
82310
82311
82312
82313
82314
82315
82316
82317
82318
82319
82320
82321
82322
82323
82324
82325
82326
82327
82328
82329
82330
82331
8241
8242
8243
8244
8245
8246
8247
8248
8249
82410
82411
82412
82413
82414
82415
82416
82417
82418
82419
82420
82421
82422
82423
82424
82425
82426
82427
82428
82429
82430
8251
8252
8253
8254
8255
8256
8257
8258
8259
82510
82511
82512
82513
82514
82515
82516
82517
82518
82519
82520
82521
82522
82523
82524
82525
82526
82527
82528
82529
82530
82531
8261
8262
8263
8264
8265
8266
8267
8268
8269
82610
82611
82612
82613
82614
82615
82616
82617
82618
82619
82620
82621
82622
82623
82624
82625
82626
82627
82628
82629
82630
8271
8272
8273
8274
8275
8276
8277
8278
8279
82710
82711
82712
82713
82714
82715
82716
82717
82718
82719
82720
82721
82722
82723
82724
82725
82726
82727
82728
82729
82730
82731
8281
8282
8283
8284
8285
8286
8287
8288
8289
82810
82811
82812
82813
82814
82815
82816
82817
82818
82819
82820
82821
82822
82823
82824
82825
82826
82827
82828
82829
82830
82831
8291
8292
8293
8294
8295
8296
8297
8298
8299
82910
82911
82912
82913
82914
82915
82916
82917
82918
82919
82920
82921
82922
82923
82924
82925
82926
82927
82928
82929
82930
82101
82102
82103
82104
82105
82106
82107
82108
82109
821010
821011
821012
821013
821014
821015
821016
821017
821018
821019
821020
821021
821022
821023
821024
821025
821026
821027
821028
821029
821030
821031
82111
82112
82113
82114
82115
82116
82117
82118
82119
821110
821111
821112
821113
821114
821115
821116
821117
821118
821119
821120
821121
821122
821123
821124
821125
821126
821127
821128
821129
821130
82121
82122
82123
82124
82125
82126
82127
82128
82129
821210
821211
821212
821213
821214
821215
821216
821217
821218
821219
821220
821221
821222
821223
821224
821225
821226
821227
821228
821229
821230
821231
8311
8312
8313
8314
8315
8316
8317
8318
8319
83110
83111
83112
83113
83114
83115
83116
83117
83118
83119
83120
83121
83122
83123
83124
83125
83126
83127
83128
83129
83130
83131
8321
8322
8323
8324
8325
8326
8327
8328
8329
83210
83211
83212
83213
83214
83215
83216
83217
83218
83219
83220
83221
83222
83223
83224
83225
83226
83227
83228
8331
8332
8333
8334
8335
8336
8337
8338
8339
83310
83311
83312
83313
83314
83315
83316
83317
83318
83319
83320
83321
83322
83323
83324
83325
83326
83327
83328
83329
83330
83331
8341
8342
8343
8344
8345
8346
8347
8348
8349
83410
83411
83412
83413
83414
83415
83416
83417
83418
83419
83420
83421
83422
83423
83424
83425
83426
83427
83428
83429
83430
8351
8352
8353
8354
8355
8356
8357
8358
8359
83510
83511
83512
83513
83514
83515
83516
83517
83518
83519
83520
83521
83522
83523
83524
83525
83526
83527
83528
83529
83530
83531
8361
8362
8363
8364
8365
8366
8367
8368
8369
83610
83611
83612
83613
83614
83615
83616
83617
83618
83619
83620
83621
83622
83623
83624
83625
83626
83627
83628
83629
83630
8371
8372
8373
8374
8375
8376
8377
8378
8379
83710
83711
83712
83713
83714
83715
83716
83717
83718
83719
83720
83721
83722
83723
83724
83725
83726
83727
83728
83729
83730
83731
8381
8382
8383
8384
8385
8386
8387
8388
8389
83810
83811
83812
83813
83814
83815
83816
83817
83818
83819
83820
83821
83822
83823
83824
83825
83826
83827
83828
83829
83830
83831
8391
8392
8393
8394
8395
8396
8397
8398
8399
83910
83911
83912
83913
83914
83915
83916
83917
83918
83919
83920
83921
83922
83923
83924
83925
83926
83927
83928
83929
83930
83101
83102
83103
83104
83105
83106
83107
83108
83109
831010
831011
831012
831013
831014
831015
831016
831017
831018
831019
831020
831021
831022
831023
831024
831025
831026
831027
831028
831029
831030
831031
83111
83112
83113
83114
83115
83116
83117
83118
83119
831110
831111
831112
831113
831114
831115
831116
831117
831118
831119
831120
831121
831122
831123
831124
831125
831126
831127
831128
831129
831130
83121
83122
83123
83124
83125
83126
83127
83128
83129
831210
831211
831212
831213
831214
831215
831216
831217
831218
831219
831220
831221
831222
831223
831224
831225
831226
831227
831228
831229
831230
831231
8411
8412
8413
8414
8415
8416
8417
8418
8419
84110
84111
84112
84113
84114
84115
84116
84117
84118
84119
84120
84121
84122
84123
84124
84125
84126
84127
84128
84129
84130
84131
8421
8422
8423
8424
8425
8426
8427
8428
8429
84210
84211
84212
84213
84214
84215
84216
84217
84218
84219
84220
84221
84222
84223
84224
84225
84226
84227
84228
84229
8431
8432
8433
8434
8435
8436
8437
8438
8439
84310
84311
84312
84313
84314
84315
84316
84317
84318
84319
84320
84321
84322
84323
84324
84325
84326
84327
84328
84329
84330
84331
8441
8442
8443
8444
8445
8446
8447
8448
8449
84410
84411
84412
84413
84414
84415
84416
84417
84418
84419
84420
84421
84422
84423
84424
84425
84426
84427
84428
84429
84430
8451
8452
8453
8454
8455
8456
8457
8458
8459
84510
84511
84512
84513
84514
84515
84516
84517
84518
84519
84520
84521
84522
84523
84524
84525
84526
84527
84528
84529
84530
84531
8461
8462
8463
8464
8465
8466
8467
8468
8469
84610
84611
84612
84613
84614
84615
84616
84617
84618
84619
84620
84621
84622
84623
84624
84625
84626
84627
84628
84629
84630
8471
8472
8473
8474
8475
8476
8477
8478
8479
84710
84711
84712
84713
84714
84715
84716
84717
84718
84719
84720
84721
84722
84723
84724
84725
84726
84727
84728
84729
84730
84731
8481
8482
8483
8484
8485
8486
8487
8488
8489
84810
84811
84812
84813
84814
84815
84816
84817
84818
84819
84820
84821
84822
84823
84824
84825
84826
84827
84828
84829
84830
84831
8491
8492
8493
8494
8495
8496
8497
8498
8499
84910
84911
84912
84913
84914
84915
84916
84917
84918
84919
84920
84921
84922
84923
84924
84925
84926
84927
84928
84929
84930
84101
84102
84103
84104
84105
84106
84107
84108
84109
841010
841011
841012
841013
841014
841015
841016
841017
841018
841019
841020
841021
841022
841023
841024
841025
841026
841027
841028
841029
841030
841031
84111
84112
84113
84114
84115
84116
84117
84118
84119
841110
841111
841112
841113
841114
841115
841116
841117
841118
841119
841120
841121
841122
841123
841124
841125
841126
841127
841128
841129
841130
84121
84122
84123
84124
84125
84126
84127
84128
84129
841210
841211
841212
841213
841214
841215
841216
841217
841218
841219
841220
841221
841222
841223
841224
841225
841226
841227
841228
841229
841230
841231
8511
8512
8513
8514
8515
8516
8517
8518
8519
85110
85111
85112
85113
85114
85115
85116
85117
85118
85119
85120
85121
85122
85123
85124
85125
85126
85127
85128
85129
85130
85131
8521
8522
8523
8524
8525
8526
8527
8528
8529
85210
85211
85212
85213
85214
85215
85216
85217
85218
85219
85220
85221
85222
85223
85224
85225
85226
85227
85228
8531
8532
8533
8534
8535
8536
8537
8538
8539
85310
85311
85312
85313
85314
85315
85316
85317
85318
85319
85320
85321
85322
85323
85324
85325
85326
85327
85328
85329
85330
85331
8541
8542
8543
8544
8545
8546
8547
8548
8549
85410
85411
85412
85413
85414
85415
85416
85417
85418
85419
85420
85421
85422
85423
85424
85425
85426
85427
85428
85429
85430
8551
8552
8553
8554
8555
8556
8557
8558
8559
85510
85511
85512
85513
85514
85515
85516
85517
85518
85519
85520
85521
85522
85523
85524
85525
85526
85527
85528
85529
85530
85531
8561
8562
8563
8564
8565
8566
8567
8568
8569
85610
85611
85612
85613
85614
85615
85616
85617
85618
85619
85620
85621
85622
85623
85624
85625
85626
85627
85628
85629
85630
8571
8572
8573
8574
8575
8576
8577
8578
8579
85710
85711
85712
85713
85714
85715
85716
85717
85718
85719
85720
85721
85722
85723
85724
85725
85726
85727
85728
85729
85730
85731
8581
8582
8583
8584
8585
8586
8587
8588
8589
85810
85811
85812
85813
85814
85815
85816
85817
85818
85819
85820
85821
85822
85823
85824
85825
85826
85827
85828
85829
85830
85831
8591
8592
8593
8594
8595
8596
8597
8598
8599
85910
85911
85912
85913
85914
85915
85916
85917
85918
85919
85920
85921
85922
85923
85924
85925
85926
85927
85928
85929
85930
85101
85102
85103
85104
85105
85106
85107
85108
85109
851010
851011
851012
851013
851014
851015
851016
851017
851018
851019
851020
851021
851022
851023
851024
851025
851026
851027
851028
851029
851030
851031
85111
85112
85113
85114
85115
85116
85117
85118
85119
851110
851111
851112
851113
851114
851115
851116
851117
851118
851119
851120
851121
851122
851123
851124
851125
851126
851127
851128
851129
851130
85121
85122
85123
85124
85125
85126
85127
85128
85129
851210
851211
851212
851213
851214
851215
851216
851217
851218
851219
851220
851221
851222
851223
851224
851225
851226
851227
851228
851229
851230
851231
8611
8612
8613
8614
8615
8616
8617
8618
8619
86110
86111
86112
86113
86114
86115
86116
86117
86118
86119
86120
86121
86122
86123
86124
86125
86126
86127
86128
86129
86130
86131
8621
8622
8623
8624
8625
8626
8627
8628
8629
86210
86211
86212
86213
86214
86215
86216
86217
86218
86219
86220
86221
86222
86223
86224
86225
86226
86227
86228
8631
8632
8633
8634
8635
8636
8637
8638
8639
86310
86311
86312
86313
86314
86315
86316
86317
86318
86319
86320
86321
86322
86323
86324
86325
86326
86327
86328
86329
86330
86331
8641
8642
8643
8644
8645
8646
8647
8648
8649
86410
86411
86412
86413
86414
86415
86416
86417
86418
86419
86420
86421
86422
86423
86424
86425
86426
86427
86428
86429
86430
8651
8652
8653
8654
8655
8656
8657
8658
8659
86510
86511
86512
86513
86514
86515
86516
86517
86518
86519
86520
86521
86522
86523
86524
86525
86526
86527
86528
86529
86530
86531
8661
8662
8663
8664
8665
8666
8667
8668
8669
86610
86611
86612
86613
86614
86615
86616
86617
86618
86619
86620
86621
86622
86623
86624
86625
86626
86627
86628
86629
86630
8671
8672
8673
8674
8675
8676
8677
8678
8679
86710
86711
86712
86713
86714
86715
86716
86717
86718
86719
86720
86721
86722
86723
86724
86725
86726
86727
86728
86729
86730
86731
8681
8682
8683
8684
8685
8686
8687
8688
8689
86810
86811
86812
86813
86814
86815
86816
86817
86818
86819
86820
86821
86822
86823
86824
86825
86826
86827
86828
86829
86830
86831
8691
8692
8693
8694
8695
8696
8697
8698
8699
86910
86911
86912
86913
86914
86915
86916
86917
86918
86919
86920
86921
86922
86923
86924
86925
86926
86927
86928
86929
86930
86101
86102
86103
86104
86105
86106
86107
86108
86109
861010
861011
861012
861013
861014
861015
861016
861017
861018
861019
861020
861021
861022
861023
861024
861025
861026
861027
861028
861029
861030
861031
86111
86112
86113
86114
86115
86116
86117
86118
86119
861110
861111
861112
861113
861114
861115
861116
861117
861118
861119
861120
861121
861122
861123
861124
861125
861126
861127
861128
861129
861130
86121
86122
86123
86124
86125
86126
86127
86128
86129
861210
861211
861212
861213
861214
861215
861216
861217
861218
861219
861220
861221
861222
861223
861224
861225
861226
861227
861228
861229
861230
861231
8711
8712
8713
8714
8715
8716
8717
8718
8719
87110
87111
87112
87113
87114
87115
87116
87117
87118
87119
87120
87121
87122
87123
87124
87125
87126
87127
87128
87129
87130
87131
8721
8722
8723
8724
8725
8726
8727
8728
8729
87210
87211
87212
87213
87214
87215
87216
87217
87218
87219
87220
87221
87222
87223
87224
87225
87226
87227
87228
8731
8732
8733
8734
8735
8736
8737
8738
8739
87310
87311
87312
87313
87314
87315
87316
87317
87318
87319
87320
87321
87322
87323
87324
87325
87326
87327
87328
87329
87330
87331
8741
8742
8743
8744
8745
8746
8747
8748
8749
87410
87411
87412
87413
87414
87415
87416
87417
87418
87419
87420
87421
87422
87423
87424
87425
87426
87427
87428
87429
87430
8751
8752
8753
8754
8755
8756
8757
8758
8759
87510
87511
87512
87513
87514
87515
87516
87517
87518
87519
87520
87521
87522
87523
87524
87525
87526
87527
87528
87529
87530
87531
8761
8762
8763
8764
8765
8766
8767
8768
8769
87610
87611
87612
87613
87614
87615
87616
87617
87618
87619
87620
87621
87622
87623
87624
87625
87626
87627
87628
87629
87630
8771
8772
8773
8774
8775
8776
8777
8778
8779
87710
87711
87712
87713
87714
87715
87716
87717
87718
87719
87720
87721
87722
87723
87724
87725
87726
87727
87728
87729
87730
87731
8781
8782
8783
8784
8785
8786
8787
8788
8789
87810
87811
87812
87813
87814
87815
87816
87817
87818
87819
87820
87821
87822
87823
87824
87825
87826
87827
87828
87829
87830
87831
8791
8792
8793
8794
8795
8796
8797
8798
8799
87910
87911
87912
87913
87914
87915
87916
87917
87918
87919
87920
87921
87922
87923
87924
87925
87926
87927
87928
87929
87930
87101
87102
87103
87104
87105
87106
87107
87108
87109
871010
871011
871012
871013
871014
871015
871016
871017
871018
871019
871020
871021
871022
871023
871024
871025
871026
871027
871028
871029
871030
871031
87111
87112
87113
87114
87115
87116
87117
87118
87119
871110
871111
871112
871113
871114
871115
871116
871117
871118
871119
871120
871121
871122
871123
871124
871125
871126
871127
871128
871129
871130
87121
87122
87123
87124
87125
87126
87127
87128
87129
871210
871211
871212
871213
871214
871215
871216
871217
871218
871219
871220
871221
871222
871223
871224
871225
871226
871227
871228
871229
871230
871231
8811
8812
8813
8814
8815
8816
8817
8818
8819
88110
88111
88112
88113
88114
88115
88116
88117
88118
88119
88120
88121
88122
88123
88124
88125
88126
88127
88128
88129
88130
88131
8821
8822
8823
8824
8825
8826
8827
8828
8829
88210
88211
88212
88213
88214
88215
88216
88217
88218
88219
88220
88221
88222
88223
88224
88225
88226
88227
88228
88229
8831
8832
8833
8834
8835
8836
8837
8838
8839
88310
88311
88312
88313
88314
88315
88316
88317
88318
88319
88320
88321
88322
88323
88324
88325
88326
88327
88328
88329
88330
88331
8841
8842
8843
8844
8845
8846
8847
8848
8849
88410
88411
88412
88413
88414
88415
88416
88417
88418
88419
88420
88421
88422
88423
88424
88425
88426
88427
88428
88429
88430
8851
8852
8853
8854
8855
8856
8857
8858
8859
88510
88511
88512
88513
88514
88515
88516
88517
88518
88519
88520
88521
88522
88523
88524
88525
88526
88527
88528
88529
88530
88531
8861
8862
8863
8864
8865
8866
8867
8868
8869
88610
88611
88612
88613
88614
88615
88616
88617
88618
88619
88620
88621
88622
88623
88624
88625
88626
88627
88628
88629
88630
8871
8872
8873
8874
8875
8876
8877
8878
8879
88710
88711
88712
88713
88714
88715
88716
88717
88718
88719
88720
88721
88722
88723
88724
88725
88726
88727
88728
88729
88730
88731
8881
8882
8883
8884
8885
8886
8887
8888
8889
88810
88811
88812
88813
88814
88815
88816
88817
88818
88819
88820
88821
88822
88823
88824
88825
88826
88827
88828
88829
88830
88831
8891
8892
8893
8894
8895
8896
8897
8898
8899
88910
88911
88912
88913
88914
88915
88916
88917
88918
88919
88920
88921
88922
88923
88924
88925
88926
88927
88928
88929
88930
88101
88102
88103
88104
88105
88106
88107
88108
88109
881010
881011
881012
881013
881014
881015
881016
881017
881018
881019
881020
881021
881022
881023
881024
881025
881026
881027
881028
881029
881030
881031
88111
88112
88113
88114
88115
88116
88117
88118
88119
881110
881111
881112
881113
881114
881115
881116
881117
881118
881119
881120
881121
881122
881123
881124
881125
881126
881127
881128
881129
881130
88121
88122
88123
88124
88125
88126
88127
88128
88129
881210
881211
881212
881213
881214
881215
881216
881217
881218
881219
881220
881221
881222
881223
881224
881225
881226
881227
881228
881229
881230
881231
8911
8912
8913
8914
8915
8916
8917
8918
8919
89110
89111
89112
89113
89114
89115
89116
89117
89118
89119
89120
89121
89122
89123
89124
89125
89126
89127
89128
89129
89130
89131
8921
8922
8923
8924
8925
8926
8927
8928
8929
89210
89211
89212
89213
89214
89215
89216
89217
89218
89219
89220
89221
89222
89223
89224
89225
89226
89227
89228
8931
8932
8933
8934
8935
8936
8937
8938
8939
89310
89311
89312
89313
89314
89315
89316
89317
89318
89319
89320
89321
89322
89323
89324
89325
89326
89327
89328
89329
89330
89331
8941
8942
8943
8944
8945
8946
8947
8948
8949
89410
89411
89412
89413
89414
89415
89416
89417
89418
89419
89420
89421
89422
89423
89424
89425
89426
89427
89428
89429
89430
8951
8952
8953
8954
8955
8956
8957
8958
8959
89510
89511
89512
89513
89514
89515
89516
89517
89518
89519
89520
89521
89522
89523
89524
89525
89526
89527
89528
89529
89530
89531
8961
8962
8963
8964
8965
8966
8967
8968
8969
89610
89611
89612
89613
89614
89615
89616
89617
89618
89619
89620
89621
89622
89623
89624
89625
89626
89627
89628
89629
89630
8971
8972
8973
8974
8975
8976
8977
8978
8979
89710
89711
89712
89713
89714
89715
89716
89717
89718
89719
89720
89721
89722
89723
89724
89725
89726
89727
89728
89729
89730
89731
8981
8982
8983
8984
8985
8986
8987
8988
8989
89810
89811
89812
89813
89814
89815
89816
89817
89818
89819
89820
89821
89822
89823
89824
89825
89826
89827
89828
89829
89830
89831
8991
8992
8993
8994
8995
8996
8997
8998
8999
89910
89911
89912
89913
89914
89915
89916
89917
89918
89919
89920
89921
89922
89923
89924
89925
89926
89927
89928
89929
89930
89101
89102
89103
89104
89105
89106
89107
89108
89109
891010
891011
891012
891013
891014
891015
891016
891017
891018
891019
891020
891021
891022
891023
891024
891025
891026
891027
891028
891029
891030
891031
89111
89112
89113
89114
89115
89116
89117
89118
89119
891110
891111
891112
891113
891114
891115
891116
891117
891118
891119
891120
891121
891122
891123
891124
891125
891126
891127
891128
891129
891130
89121
89122
89123
89124
89125
89126
89127
89128
89129
891210
891211
891212
891213
891214
891215
891216
891217
891218
891219
891220
891221
891222
891223
891224
891225
891226
891227
891228
891229
891230
891231
