1970101
1970102
1970103
1970104
1970105
1970106
1970107
1970108
1970109
1970110
1970111
1970112
1970113
1970114
1970115
1970116
1970117
1970118
1970119
1970120
1970121
1970122
1970123
1970124
1970125
1970126
1970127
1970128
1970129
1970130
1970131
1970201
1970202
1970203
1970204
1970205
1970206
1970207
1970208
1970209
1970210
1970211
1970212
1970213
1970214
1970215
1970216
1970217
1970218
1970219
1970220
1970221
1970222
1970223
1970224
1970225
1970226
1970227
1970228
1970229
1970230
1970231
1970301
1970302
1970303
1970304
1970305
1970306
1970307
1970308
1970309
1970310
1970311
1970312
1970313
1970314
1970315
1970316
1970317
1970318
1970319
1970320
1970321
1970322
1970323
1970324
1970325
1970326
1970327
1970328
1970329
1970330
1970331
1970401
1970402
1970403
1970404
1970405
1970406
1970407
1970408
1970409
1970410
1970411
1970412
1970413
1970414
1970415
1970416
1970417
1970418
1970419
1970420
1970421
1970422
1970423
1970424
1970425
1970426
1970427
1970428
1970429
1970430
1970431
1970501
1970502
1970503
1970504
1970505
1970506
1970507
1970508
1970509
1970510
1970511
1970512
1970513
1970514
1970515
1970516
1970517
1970518
1970519
1970520
1970521
1970522
1970523
1970524
1970525
1970526
1970527
1970528
1970529
1970530
1970531
1970601
1970602
1970603
1970604
1970605
1970606
1970607
1970608
1970609
1970610
1970611
1970612
1970613
1970614
1970615
1970616
1970617
1970618
1970619
1970620
1970621
1970622
1970623
1970624
1970625
1970626
1970627
1970628
1970629
1970630
1970631
1970701
1970702
1970703
1970704
1970705
1970706
1970707
1970708
1970709
1970710
1970711
1970712
1970713
1970714
1970715
1970716
1970717
1970718
1970719
1970720
1970721
1970722
1970723
1970724
1970725
1970726
1970727
1970728
1970729
1970730
1970731
1970801
1970802
1970803
1970804
1970805
1970806
1970807
1970808
1970809
1970810
1970811
1970812
1970813
1970814
1970815
1970816
1970817
1970818
1970819
1970820
1970821
1970822
1970823
1970824
1970825
1970826
1970827
1970828
1970829
1970830
1970831
1970901
1970902
1970903
1970904
1970905
1970906
1970907
1970908
1970909
1970910
1970911
1970912
1970913
1970914
1970915
1970916
1970917
1970918
1970919
1970920
1970921
1970922
1970923
1970924
1970925
1970926
1970927
1970928
1970929
1970930
1970931
19701001
19701002
19701003
19701004
19701005
19701006
19701007
19701008
19701009
19701010
19701011
19701012
19701013
19701014
19701015
19701016
19701017
19701018
19701019
19701020
19701021
19701022
19701023
19701024
19701025
19701026
19701027
19701028
19701029
19701030
19701031
19701101
19701102
19701103
19701104
19701105
19701106
19701107
19701108
19701109
19701110
19701111
19701112
19701113
19701114
19701115
19701116
19701117
19701118
19701119
19701120
19701121
19701122
19701123
19701124
19701125
19701126
19701127
19701128
19701129
19701130
19701131
19701201
19701202
19701203
19701204
19701205
19701206
19701207
19701208
19701209
19701210
19701211
19701212
19701213
19701214
19701215
19701216
19701217
19701218
19701219
19701220
19701221
19701222
19701223
19701224
19701225
19701226
19701227
19701228
19701229
19701230
19701231
1971101
1971102
1971103
1971104
1971105
1971106
1971107
1971108
1971109
1971110
1971111
1971112
1971113
1971114
1971115
1971116
1971117
1971118
1971119
1971120
1971121
1971122
1971123
1971124
1971125
1971126
1971127
1971128
1971129
1971130
1971131
1971201
1971202
1971203
1971204
1971205
1971206
1971207
1971208
1971209
1971210
1971211
1971212
1971213
1971214
1971215
1971216
1971217
1971218
1971219
1971220
1971221
1971222
1971223
1971224
1971225
1971226
1971227
1971228
1971229
1971230
1971231
1971301
1971302
1971303
1971304
1971305
1971306
1971307
1971308
1971309
1971310
1971311
1971312
1971313
1971314
1971315
1971316
1971317
1971318
1971319
1971320
1971321
1971322
1971323
1971324
1971325
1971326
1971327
1971328
1971329
1971330
1971331
1971401
1971402
1971403
1971404
1971405
1971406
1971407
1971408
1971409
1971410
1971411
1971412
1971413
1971414
1971415
1971416
1971417
1971418
1971419
1971420
1971421
1971422
1971423
1971424
1971425
1971426
1971427
1971428
1971429
1971430
1971431
1971501
1971502
1971503
1971504
1971505
1971506
1971507
1971508
1971509
1971510
1971511
1971512
1971513
1971514
1971515
1971516
1971517
1971518
1971519
1971520
1971521
1971522
1971523
1971524
1971525
1971526
1971527
1971528
1971529
1971530
1971531
1971601
1971602
1971603
1971604
1971605
1971606
1971607
1971608
1971609
1971610
1971611
1971612
1971613
1971614
1971615
1971616
1971617
1971618
1971619
1971620
1971621
1971622
1971623
1971624
1971625
1971626
1971627
1971628
1971629
1971630
1971631
1971701
1971702
1971703
1971704
1971705
1971706
1971707
1971708
1971709
1971710
1971711
1971712
1971713
1971714
1971715
1971716
1971717
1971718
1971719
1971720
1971721
1971722
1971723
1971724
1971725
1971726
1971727
1971728
1971729
1971730
1971731
1971801
1971802
1971803
1971804
1971805
1971806
1971807
1971808
1971809
1971810
1971811
1971812
1971813
1971814
1971815
1971816
1971817
1971818
1971819
1971820
1971821
1971822
1971823
1971824
1971825
1971826
1971827
1971828
1971829
1971830
1971831
1971901
1971902
1971903
1971904
1971905
1971906
1971907
1971908
1971909
1971910
1971911
1971912
1971913
1971914
1971915
1971916
1971917
1971918
1971919
1971920
1971921
1971922
1971923
1971924
1971925
1971926
1971927
1971928
1971929
1971930
1971931
19711001
19711002
19711003
19711004
19711005
19711006
19711007
19711008
19711009
19711010
19711011
19711012
19711013
19711014
19711015
19711016
19711017
19711018
19711019
19711020
19711021
19711022
19711023
19711024
19711025
19711026
19711027
19711028
19711029
19711030
19711031
19711101
19711102
19711103
19711104
19711105
19711106
19711107
19711108
19711109
19711110
19711111
19711112
19711113
19711114
19711115
19711116
19711117
19711118
19711119
19711120
19711121
19711122
19711123
19711124
19711125
19711126
19711127
19711128
19711129
19711130
19711131
19711201
19711202
19711203
19711204
19711205
19711206
19711207
19711208
19711209
19711210
19711211
19711212
19711213
19711214
19711215
19711216
19711217
19711218
19711219
19711220
19711221
19711222
19711223
19711224
19711225
19711226
19711227
19711228
19711229
19711230
19711231
1972101
1972102
1972103
1972104
1972105
1972106
1972107
1972108
1972109
1972110
1972111
1972112
1972113
1972114
1972115
1972116
1972117
1972118
1972119
1972120
1972121
1972122
1972123
1972124
1972125
1972126
1972127
1972128
1972129
1972130
1972131
1972201
1972202
1972203
1972204
1972205
1972206
1972207
1972208
1972209
1972210
1972211
1972212
1972213
1972214
1972215
1972216
1972217
1972218
1972219
1972220
1972221
1972222
1972223
1972224
1972225
1972226
1972227
1972228
1972229
1972230
1972231
1972301
1972302
1972303
1972304
1972305
1972306
1972307
1972308
1972309
1972310
1972311
1972312
1972313
1972314
1972315
1972316
1972317
1972318
1972319
1972320
1972321
1972322
1972323
1972324
1972325
1972326
1972327
1972328
1972329
1972330
1972331
1972401
1972402
1972403
1972404
1972405
1972406
1972407
1972408
1972409
1972410
1972411
1972412
1972413
1972414
1972415
1972416
1972417
1972418
1972419
1972420
1972421
1972422
1972423
1972424
1972425
1972426
1972427
1972428
1972429
1972430
1972431
1972501
1972502
1972503
1972504
1972505
1972506
1972507
1972508
1972509
1972510
1972511
1972512
1972513
1972514
1972515
1972516
1972517
1972518
1972519
1972520
1972521
1972522
1972523
1972524
1972525
1972526
1972527
1972528
1972529
1972530
1972531
1972601
1972602
1972603
1972604
1972605
1972606
1972607
1972608
1972609
1972610
1972611
1972612
1972613
1972614
1972615
1972616
1972617
1972618
1972619
1972620
1972621
1972622
1972623
1972624
1972625
1972626
1972627
1972628
1972629
1972630
1972631
1972701
1972702
1972703
1972704
1972705
1972706
1972707
1972708
1972709
1972710
1972711
1972712
1972713
1972714
1972715
1972716
1972717
1972718
1972719
1972720
1972721
1972722
1972723
1972724
1972725
1972726
1972727
1972728
1972729
1972730
1972731
1972801
1972802
1972803
1972804
1972805
1972806
1972807
1972808
1972809
1972810
1972811
1972812
1972813
1972814
1972815
1972816
1972817
1972818
1972819
1972820
1972821
1972822
1972823
1972824
1972825
1972826
1972827
1972828
1972829
1972830
1972831
1972901
1972902
1972903
1972904
1972905
1972906
1972907
1972908
1972909
1972910
1972911
1972912
1972913
1972914
1972915
1972916
1972917
1972918
1972919
1972920
1972921
1972922
1972923
1972924
1972925
1972926
1972927
1972928
1972929
1972930
1972931
19721001
19721002
19721003
19721004
19721005
19721006
19721007
19721008
19721009
19721010
19721011
19721012
19721013
19721014
19721015
19721016
19721017
19721018
19721019
19721020
19721021
19721022
19721023
19721024
19721025
19721026
19721027
19721028
19721029
19721030
19721031
19721101
19721102
19721103
19721104
19721105
19721106
19721107
19721108
19721109
19721110
19721111
19721112
19721113
19721114
19721115
19721116
19721117
19721118
19721119
19721120
19721121
19721122
19721123
19721124
19721125
19721126
19721127
19721128
19721129
19721130
19721131
19721201
19721202
19721203
19721204
19721205
19721206
19721207
19721208
19721209
19721210
19721211
19721212
19721213
19721214
19721215
19721216
19721217
19721218
19721219
19721220
19721221
19721222
19721223
19721224
19721225
19721226
19721227
19721228
19721229
19721230
19721231
1973101
1973102
1973103
1973104
1973105
1973106
1973107
1973108
1973109
1973110
1973111
1973112
1973113
1973114
1973115
1973116
1973117
1973118
1973119
1973120
1973121
1973122
1973123
1973124
1973125
1973126
1973127
1973128
1973129
1973130
1973131
1973201
1973202
1973203
1973204
1973205
1973206
1973207
1973208
1973209
1973210
1973211
1973212
1973213
1973214
1973215
1973216
1973217
1973218
1973219
1973220
1973221
1973222
1973223
1973224
1973225
1973226
1973227
1973228
1973229
1973230
1973231
1973301
1973302
1973303
1973304
1973305
1973306
1973307
1973308
1973309
1973310
1973311
1973312
1973313
1973314
1973315
1973316
1973317
1973318
1973319
1973320
1973321
1973322
1973323
1973324
1973325
1973326
1973327
1973328
1973329
1973330
1973331
1973401
1973402
1973403
1973404
1973405
1973406
1973407
1973408
1973409
1973410
1973411
1973412
1973413
1973414
1973415
1973416
1973417
1973418
1973419
1973420
1973421
1973422
1973423
1973424
1973425
1973426
1973427
1973428
1973429
1973430
1973431
1973501
1973502
1973503
1973504
1973505
1973506
1973507
1973508
1973509
1973510
1973511
1973512
1973513
1973514
1973515
1973516
1973517
1973518
1973519
1973520
1973521
1973522
1973523
1973524
1973525
1973526
1973527
1973528
1973529
1973530
1973531
1973601
1973602
1973603
1973604
1973605
1973606
1973607
1973608
1973609
1973610
1973611
1973612
1973613
1973614
1973615
1973616
1973617
1973618
1973619
1973620
1973621
1973622
1973623
1973624
1973625
1973626
1973627
1973628
1973629
1973630
1973631
1973701
1973702
1973703
1973704
1973705
1973706
1973707
1973708
1973709
1973710
1973711
1973712
1973713
1973714
1973715
1973716
1973717
1973718
1973719
1973720
1973721
1973722
1973723
1973724
1973725
1973726
1973727
1973728
1973729
1973730
1973731
1973801
1973802
1973803
1973804
1973805
1973806
1973807
1973808
1973809
1973810
1973811
1973812
1973813
1973814
1973815
1973816
1973817
1973818
1973819
1973820
1973821
1973822
1973823
1973824
1973825
1973826
1973827
1973828
1973829
1973830
1973831
1973901
1973902
1973903
1973904
1973905
1973906
1973907
1973908
1973909
1973910
1973911
1973912
1973913
1973914
1973915
1973916
1973917
1973918
1973919
1973920
1973921
1973922
1973923
1973924
1973925
1973926
1973927
1973928
1973929
1973930
1973931
19731001
19731002
19731003
19731004
19731005
19731006
19731007
19731008
19731009
19731010
19731011
19731012
19731013
19731014
19731015
19731016
19731017
19731018
19731019
19731020
19731021
19731022
19731023
19731024
19731025
19731026
19731027
19731028
19731029
19731030
19731031
19731101
19731102
19731103
19731104
19731105
19731106
19731107
19731108
19731109
19731110
19731111
19731112
19731113
19731114
19731115
19731116
19731117
19731118
19731119
19731120
19731121
19731122
19731123
19731124
19731125
19731126
19731127
19731128
19731129
19731130
19731131
19731201
19731202
19731203
19731204
19731205
19731206
19731207
19731208
19731209
19731210
19731211
19731212
19731213
19731214
19731215
19731216
19731217
19731218
19731219
19731220
19731221
19731222
19731223
19731224
19731225
19731226
19731227
19731228
19731229
19731230
19731231
1974101
1974102
1974103
1974104
1974105
1974106
1974107
1974108
1974109
1974110
1974111
1974112
1974113
1974114
1974115
1974116
1974117
1974118
1974119
1974120
1974121
1974122
1974123
1974124
1974125
1974126
1974127
1974128
1974129
1974130
1974131
1974201
1974202
1974203
1974204
1974205
1974206
1974207
1974208
1974209
1974210
1974211
1974212
1974213
1974214
1974215
1974216
1974217
1974218
1974219
1974220
1974221
1974222
1974223
1974224
1974225
1974226
1974227
1974228
1974229
1974230
1974231
1974301
1974302
1974303
1974304
1974305
1974306
1974307
1974308
1974309
1974310
1974311
1974312
1974313
1974314
1974315
1974316
1974317
1974318
1974319
1974320
1974321
1974322
1974323
1974324
1974325
1974326
1974327
1974328
1974329
1974330
1974331
1974401
1974402
1974403
1974404
1974405
1974406
1974407
1974408
1974409
1974410
1974411
1974412
1974413
1974414
1974415
1974416
1974417
1974418
1974419
1974420
1974421
1974422
1974423
1974424
1974425
1974426
1974427
1974428
1974429
1974430
1974431
1974501
1974502
1974503
1974504
1974505
1974506
1974507
1974508
1974509
1974510
1974511
1974512
1974513
1974514
1974515
1974516
1974517
1974518
1974519
1974520
1974521
1974522
1974523
1974524
1974525
1974526
1974527
1974528
1974529
1974530
1974531
1974601
1974602
1974603
1974604
1974605
1974606
1974607
1974608
1974609
1974610
1974611
1974612
1974613
1974614
1974615
1974616
1974617
1974618
1974619
1974620
1974621
1974622
1974623
1974624
1974625
1974626
1974627
1974628
1974629
1974630
1974631
1974701
1974702
1974703
1974704
1974705
1974706
1974707
1974708
1974709
1974710
1974711
1974712
1974713
1974714
1974715
1974716
1974717
1974718
1974719
1974720
1974721
1974722
1974723
1974724
1974725
1974726
1974727
1974728
1974729
1974730
1974731
1974801
1974802
1974803
1974804
1974805
1974806
1974807
1974808
1974809
1974810
1974811
1974812
1974813
1974814
1974815
1974816
1974817
1974818
1974819
1974820
1974821
1974822
1974823
1974824
1974825
1974826
1974827
1974828
1974829
1974830
1974831
1974901
1974902
1974903
1974904
1974905
1974906
1974907
1974908
1974909
1974910
1974911
1974912
1974913
1974914
1974915
1974916
1974917
1974918
1974919
1974920
1974921
1974922
1974923
1974924
1974925
1974926
1974927
1974928
1974929
1974930
1974931
19741001
19741002
19741003
19741004
19741005
19741006
19741007
19741008
19741009
19741010
19741011
19741012
19741013
19741014
19741015
19741016
19741017
19741018
19741019
19741020
19741021
19741022
19741023
19741024
19741025
19741026
19741027
19741028
19741029
19741030
19741031
19741101
19741102
19741103
19741104
19741105
19741106
19741107
19741108
19741109
19741110
19741111
19741112
19741113
19741114
19741115
19741116
19741117
19741118
19741119
19741120
19741121
19741122
19741123
19741124
19741125
19741126
19741127
19741128
19741129
19741130
19741131
19741201
19741202
19741203
19741204
19741205
19741206
19741207
19741208
19741209
19741210
19741211
19741212
19741213
19741214
19741215
19741216
19741217
19741218
19741219
19741220
19741221
19741222
19741223
19741224
19741225
19741226
19741227
19741228
19741229
19741230
19741231
1975101
1975102
1975103
1975104
1975105
1975106
1975107
1975108
1975109
1975110
1975111
1975112
1975113
1975114
1975115
1975116
1975117
1975118
1975119
1975120
1975121
1975122
1975123
1975124
1975125
1975126
1975127
1975128
1975129
1975130
1975131
1975201
1975202
1975203
1975204
1975205
1975206
1975207
1975208
1975209
1975210
1975211
1975212
1975213
1975214
1975215
1975216
1975217
1975218
1975219
1975220
1975221
1975222
1975223
1975224
1975225
1975226
1975227
1975228
1975229
1975230
1975231
1975301
1975302
1975303
1975304
1975305
1975306
1975307
1975308
1975309
1975310
1975311
1975312
1975313
1975314
1975315
1975316
1975317
1975318
1975319
1975320
1975321
1975322
1975323
1975324
1975325
1975326
1975327
1975328
1975329
1975330
1975331
1975401
1975402
1975403
1975404
1975405
1975406
1975407
1975408
1975409
1975410
1975411
1975412
1975413
1975414
1975415
1975416
1975417
1975418
1975419
1975420
1975421
1975422
1975423
1975424
1975425
1975426
1975427
1975428
1975429
1975430
1975431
1975501
1975502
1975503
1975504
1975505
1975506
1975507
1975508
1975509
1975510
1975511
1975512
1975513
1975514
1975515
1975516
1975517
1975518
1975519
1975520
1975521
1975522
1975523
1975524
1975525
1975526
1975527
1975528
1975529
1975530
1975531
1975601
1975602
1975603
1975604
1975605
1975606
1975607
1975608
1975609
1975610
1975611
1975612
1975613
1975614
1975615
1975616
1975617
1975618
1975619
1975620
1975621
1975622
1975623
1975624
1975625
1975626
1975627
1975628
1975629
1975630
1975631
1975701
1975702
1975703
1975704
1975705
1975706
1975707
1975708
1975709
1975710
1975711
1975712
1975713
1975714
1975715
1975716
1975717
1975718
1975719
1975720
1975721
1975722
1975723
1975724
1975725
1975726
1975727
1975728
1975729
1975730
1975731
1975801
1975802
1975803
1975804
1975805
1975806
1975807
1975808
1975809
1975810
1975811
1975812
1975813
1975814
1975815
1975816
1975817
1975818
1975819
1975820
1975821
1975822
1975823
1975824
1975825
1975826
1975827
1975828
1975829
1975830
1975831
1975901
1975902
1975903
1975904
1975905
1975906
1975907
1975908
1975909
1975910
1975911
1975912
1975913
1975914
1975915
1975916
1975917
1975918
1975919
1975920
1975921
1975922
1975923
1975924
1975925
1975926
1975927
1975928
1975929
1975930
1975931
19751001
19751002
19751003
19751004
19751005
19751006
19751007
19751008
19751009
19751010
19751011
19751012
19751013
19751014
19751015
19751016
19751017
19751018
19751019
19751020
19751021
19751022
19751023
19751024
19751025
19751026
19751027
19751028
19751029
19751030
19751031
19751101
19751102
19751103
19751104
19751105
19751106
19751107
19751108
19751109
19751110
19751111
19751112
19751113
19751114
19751115
19751116
19751117
19751118
19751119
19751120
19751121
19751122
19751123
19751124
19751125
19751126
19751127
19751128
19751129
19751130
19751131
19751201
19751202
19751203
19751204
19751205
19751206
19751207
19751208
19751209
19751210
19751211
19751212
19751213
19751214
19751215
19751216
19751217
19751218
19751219
19751220
19751221
19751222
19751223
19751224
19751225
19751226
19751227
19751228
19751229
19751230
19751231
1976101
1976102
1976103
1976104
1976105
1976106
1976107
1976108
1976109
1976110
1976111
1976112
1976113
1976114
1976115
1976116
1976117
1976118
1976119
1976120
1976121
1976122
1976123
1976124
1976125
1976126
1976127
1976128
1976129
1976130
1976131
1976201
1976202
1976203
1976204
1976205
1976206
1976207
1976208
1976209
1976210
1976211
1976212
1976213
1976214
1976215
1976216
1976217
1976218
1976219
1976220
1976221
1976222
1976223
1976224
1976225
1976226
1976227
1976228
1976229
1976230
1976231
1976301
1976302
1976303
1976304
1976305
1976306
1976307
1976308
1976309
1976310
1976311
1976312
1976313
1976314
1976315
1976316
1976317
1976318
1976319
1976320
1976321
1976322
1976323
1976324
1976325
1976326
1976327
1976328
1976329
1976330
1976331
1976401
1976402
1976403
1976404
1976405
1976406
1976407
1976408
1976409
1976410
1976411
1976412
1976413
1976414
1976415
1976416
1976417
1976418
1976419
1976420
1976421
1976422
1976423
1976424
1976425
1976426
1976427
1976428
1976429
1976430
1976431
1976501
1976502
1976503
1976504
1976505
1976506
1976507
1976508
1976509
1976510
1976511
1976512
1976513
1976514
1976515
1976516
1976517
1976518
1976519
1976520
1976521
1976522
1976523
1976524
1976525
1976526
1976527
1976528
1976529
1976530
1976531
1976601
1976602
1976603
1976604
1976605
1976606
1976607
1976608
1976609
1976610
1976611
1976612
1976613
1976614
1976615
1976616
1976617
1976618
1976619
1976620
1976621
1976622
1976623
1976624
1976625
1976626
1976627
1976628
1976629
1976630
1976631
1976701
1976702
1976703
1976704
1976705
1976706
1976707
1976708
1976709
1976710
1976711
1976712
1976713
1976714
1976715
1976716
1976717
1976718
1976719
1976720
1976721
1976722
1976723
1976724
1976725
1976726
1976727
1976728
1976729
1976730
1976731
1976801
1976802
1976803
1976804
1976805
1976806
1976807
1976808
1976809
1976810
1976811
1976812
1976813
1976814
1976815
1976816
1976817
1976818
1976819
1976820
1976821
1976822
1976823
1976824
1976825
1976826
1976827
1976828
1976829
1976830
1976831
1976901
1976902
1976903
1976904
1976905
1976906
1976907
1976908
1976909
1976910
1976911
1976912
1976913
1976914
1976915
1976916
1976917
1976918
1976919
1976920
1976921
1976922
1976923
1976924
1976925
1976926
1976927
1976928
1976929
1976930
1976931
19761001
19761002
19761003
19761004
19761005
19761006
19761007
19761008
19761009
19761010
19761011
19761012
19761013
19761014
19761015
19761016
19761017
19761018
19761019
19761020
19761021
19761022
19761023
19761024
19761025
19761026
19761027
19761028
19761029
19761030
19761031
19761101
19761102
19761103
19761104
19761105
19761106
19761107
19761108
19761109
19761110
19761111
19761112
19761113
19761114
19761115
19761116
19761117
19761118
19761119
19761120
19761121
19761122
19761123
19761124
19761125
19761126
19761127
19761128
19761129
19761130
19761131
19761201
19761202
19761203
19761204
19761205
19761206
19761207
19761208
19761209
19761210
19761211
19761212
19761213
19761214
19761215
19761216
19761217
19761218
19761219
19761220
19761221
19761222
19761223
19761224
19761225
19761226
19761227
19761228
19761229
19761230
19761231
1977101
1977102
1977103
1977104
1977105
1977106
1977107
1977108
1977109
1977110
1977111
1977112
1977113
1977114
1977115
1977116
1977117
1977118
1977119
1977120
1977121
1977122
1977123
1977124
1977125
1977126
1977127
1977128
1977129
1977130
1977131
1977201
1977202
1977203
1977204
1977205
1977206
1977207
1977208
1977209
1977210
1977211
1977212
1977213
1977214
1977215
1977216
1977217
1977218
1977219
1977220
1977221
1977222
1977223
1977224
1977225
1977226
1977227
1977228
1977229
1977230
1977231
1977301
1977302
1977303
1977304
1977305
1977306
1977307
1977308
1977309
1977310
1977311
1977312
1977313
1977314
1977315
1977316
1977317
1977318
1977319
1977320
1977321
1977322
1977323
1977324
1977325
1977326
1977327
1977328
1977329
1977330
1977331
1977401
1977402
1977403
1977404
1977405
1977406
1977407
1977408
1977409
1977410
1977411
1977412
1977413
1977414
1977415
1977416
1977417
1977418
1977419
1977420
1977421
1977422
1977423
1977424
1977425
1977426
1977427
1977428
1977429
1977430
1977431
1977501
1977502
1977503
1977504
1977505
1977506
1977507
1977508
1977509
1977510
1977511
1977512
1977513
1977514
1977515
1977516
1977517
1977518
1977519
1977520
1977521
1977522
1977523
1977524
1977525
1977526
1977527
1977528
1977529
1977530
1977531
1977601
1977602
1977603
1977604
1977605
1977606
1977607
1977608
1977609
1977610
1977611
1977612
1977613
1977614
1977615
1977616
1977617
1977618
1977619
1977620
1977621
1977622
1977623
1977624
1977625
1977626
1977627
1977628
1977629
1977630
1977631
1977701
1977702
1977703
1977704
1977705
1977706
1977707
1977708
1977709
1977710
1977711
1977712
1977713
1977714
1977715
1977716
1977717
1977718
1977719
1977720
1977721
1977722
1977723
1977724
1977725
1977726
1977727
1977728
1977729
1977730
1977731
1977801
1977802
1977803
1977804
1977805
1977806
1977807
1977808
1977809
1977810
1977811
1977812
1977813
1977814
1977815
1977816
1977817
1977818
1977819
1977820
1977821
1977822
1977823
1977824
1977825
1977826
1977827
1977828
1977829
1977830
1977831
1977901
1977902
1977903
1977904
1977905
1977906
1977907
1977908
1977909
1977910
1977911
1977912
1977913
1977914
1977915
1977916
1977917
1977918
1977919
1977920
1977921
1977922
1977923
1977924
1977925
1977926
1977927
1977928
1977929
1977930
1977931
19771001
19771002
19771003
19771004
19771005
19771006
19771007
19771008
19771009
19771010
19771011
19771012
19771013
19771014
19771015
19771016
19771017
19771018
19771019
19771020
19771021
19771022
19771023
19771024
19771025
19771026
19771027
19771028
19771029
19771030
19771031
19771101
19771102
19771103
19771104
19771105
19771106
19771107
19771108
19771109
19771110
19771111
19771112
19771113
19771114
19771115
19771116
19771117
19771118
19771119
19771120
19771121
19771122
19771123
19771124
19771125
19771126
19771127
19771128
19771129
19771130
19771131
19771201
19771202
19771203
19771204
19771205
19771206
19771207
19771208
19771209
19771210
19771211
19771212
19771213
19771214
19771215
19771216
19771217
19771218
19771219
19771220
19771221
19771222
19771223
19771224
19771225
19771226
19771227
19771228
19771229
19771230
19771231
1978101
1978102
1978103
1978104
1978105
1978106
1978107
1978108
1978109
1978110
1978111
1978112
1978113
1978114
1978115
1978116
1978117
1978118
1978119
1978120
1978121
1978122
1978123
1978124
1978125
1978126
1978127
1978128
1978129
1978130
1978131
1978201
1978202
1978203
1978204
1978205
1978206
1978207
1978208
1978209
1978210
1978211
1978212
1978213
1978214
1978215
1978216
1978217
1978218
1978219
1978220
1978221
1978222
1978223
1978224
1978225
1978226
1978227
1978228
1978229
1978230
1978231
1978301
1978302
1978303
1978304
1978305
1978306
1978307
1978308
1978309
1978310
1978311
1978312
1978313
1978314
1978315
1978316
1978317
1978318
1978319
1978320
1978321
1978322
1978323
1978324
1978325
1978326
1978327
1978328
1978329
1978330
1978331
1978401
1978402
1978403
1978404
1978405
1978406
1978407
1978408
1978409
1978410
1978411
1978412
1978413
1978414
1978415
1978416
1978417
1978418
1978419
1978420
1978421
1978422
1978423
1978424
1978425
1978426
1978427
1978428
1978429
1978430
1978431
1978501
1978502
1978503
1978504
1978505
1978506
1978507
1978508
1978509
1978510
1978511
1978512
1978513
1978514
1978515
1978516
1978517
1978518
1978519
1978520
1978521
1978522
1978523
1978524
1978525
1978526
1978527
1978528
1978529
1978530
1978531
1978601
1978602
1978603
1978604
1978605
1978606
1978607
1978608
1978609
1978610
1978611
1978612
1978613
1978614
1978615
1978616
1978617
1978618
1978619
1978620
1978621
1978622
1978623
1978624
1978625
1978626
1978627
1978628
1978629
1978630
1978631
1978701
1978702
1978703
1978704
1978705
1978706
1978707
1978708
1978709
1978710
1978711
1978712
1978713
1978714
1978715
1978716
1978717
1978718
1978719
1978720
1978721
1978722
1978723
1978724
1978725
1978726
1978727
1978728
1978729
1978730
1978731
1978801
1978802
1978803
1978804
1978805
1978806
1978807
1978808
1978809
1978810
1978811
1978812
1978813
1978814
1978815
1978816
1978817
1978818
1978819
1978820
1978821
1978822
1978823
1978824
1978825
1978826
1978827
1978828
1978829
1978830
1978831
1978901
1978902
1978903
1978904
1978905
1978906
1978907
1978908
1978909
1978910
1978911
1978912
1978913
1978914
1978915
1978916
1978917
1978918
1978919
1978920
1978921
1978922
1978923
1978924
1978925
1978926
1978927
1978928
1978929
1978930
1978931
19781001
19781002
19781003
19781004
19781005
19781006
19781007
19781008
19781009
19781010
19781011
19781012
19781013
19781014
19781015
19781016
19781017
19781018
19781019
19781020
19781021
19781022
19781023
19781024
19781025
19781026
19781027
19781028
19781029
19781030
19781031
19781101
19781102
19781103
19781104
19781105
19781106
19781107
19781108
19781109
19781110
19781111
19781112
19781113
19781114
19781115
19781116
19781117
19781118
19781119
19781120
19781121
19781122
19781123
19781124
19781125
19781126
19781127
19781128
19781129
19781130
19781131
19781201
19781202
19781203
19781204
19781205
19781206
19781207
19781208
19781209
19781210
19781211
19781212
19781213
19781214
19781215
19781216
19781217
19781218
19781219
19781220
19781221
19781222
19781223
19781224
19781225
19781226
19781227
19781228
19781229
19781230
19781231
1979101
1979102
1979103
1979104
1979105
1979106
1979107
1979108
1979109
1979110
1979111
1979112
1979113
1979114
1979115
1979116
1979117
1979118
1979119
1979120
1979121
1979122
1979123
1979124
1979125
1979126
1979127
1979128
1979129
1979130
1979131
1979201
1979202
1979203
1979204
1979205
1979206
1979207
1979208
1979209
1979210
1979211
1979212
1979213
1979214
1979215
1979216
1979217
1979218
1979219
1979220
1979221
1979222
1979223
1979224
1979225
1979226
1979227
1979228
1979229
1979230
1979231
1979301
1979302
1979303
1979304
1979305
1979306
1979307
1979308
1979309
1979310
1979311
1979312
1979313
1979314
1979315
1979316
1979317
1979318
1979319
1979320
1979321
1979322
1979323
1979324
1979325
1979326
1979327
1979328
1979329
1979330
1979331
1979401
1979402
1979403
1979404
1979405
1979406
1979407
1979408
1979409
1979410
1979411
1979412
1979413
1979414
1979415
1979416
1979417
1979418
1979419
1979420
1979421
1979422
1979423
1979424
1979425
1979426
1979427
1979428
1979429
1979430
1979431
1979501
1979502
1979503
1979504
1979505
1979506
1979507
1979508
1979509
1979510
1979511
1979512
1979513
1979514
1979515
1979516
1979517
1979518
1979519
1979520
1979521
1979522
1979523
1979524
1979525
1979526
1979527
1979528
1979529
1979530
1979531
1979601
1979602
1979603
1979604
1979605
1979606
1979607
1979608
1979609
1979610
1979611
1979612
1979613
1979614
1979615
1979616
1979617
1979618
1979619
1979620
1979621
1979622
1979623
1979624
1979625
1979626
1979627
1979628
1979629
1979630
1979631
1979701
1979702
1979703
1979704
1979705
1979706
1979707
1979708
1979709
1979710
1979711
1979712
1979713
1979714
1979715
1979716
1979717
1979718
1979719
1979720
1979721
1979722
1979723
1979724
1979725
1979726
1979727
1979728
1979729
1979730
1979731
1979801
1979802
1979803
1979804
1979805
1979806
1979807
1979808
1979809
1979810
1979811
1979812
1979813
1979814
1979815
1979816
1979817
1979818
1979819
1979820
1979821
1979822
1979823
1979824
1979825
1979826
1979827
1979828
1979829
1979830
1979831
1979901
1979902
1979903
1979904
1979905
1979906
1979907
1979908
1979909
1979910
1979911
1979912
1979913
1979914
1979915
1979916
1979917
1979918
1979919
1979920
1979921
1979922
1979923
1979924
1979925
1979926
1979927
1979928
1979929
1979930
1979931
19791001
19791002
19791003
19791004
19791005
19791006
19791007
19791008
19791009
19791010
19791011
19791012
19791013
19791014
19791015
19791016
19791017
19791018
19791019
19791020
19791021
19791022
19791023
19791024
19791025
19791026
19791027
19791028
19791029
19791030
19791031
19791101
19791102
19791103
19791104
19791105
19791106
19791107
19791108
19791109
19791110
19791111
19791112
19791113
19791114
19791115
19791116
19791117
19791118
19791119
19791120
19791121
19791122
19791123
19791124
19791125
19791126
19791127
19791128
19791129
19791130
19791131
19791201
19791202
19791203
19791204
19791205
19791206
19791207
19791208
19791209
19791210
19791211
19791212
19791213
19791214
19791215
19791216
19791217
19791218
19791219
19791220
19791221
19791222
19791223
19791224
19791225
19791226
19791227
19791228
19791229
19791230
19791231
1980101
1980102
1980103
1980104
1980105
1980106
1980107
1980108
1980109
1980110
1980111
1980112
1980113
1980114
1980115
1980116
1980117
1980118
1980119
1980120
1980121
1980122
1980123
1980124
1980125
1980126
1980127
1980128
1980129
1980130
1980131
1980201
1980202
1980203
1980204
1980205
1980206
1980207
1980208
1980209
1980210
1980211
1980212
1980213
1980214
1980215
1980216
1980217
1980218
1980219
1980220
1980221
1980222
1980223
1980224
1980225
1980226
1980227
1980228
1980229
1980230
1980231
1980301
1980302
1980303
1980304
1980305
1980306
1980307
1980308
1980309
1980310
1980311
1980312
1980313
1980314
1980315
1980316
1980317
1980318
1980319
1980320
1980321
1980322
1980323
1980324
1980325
1980326
1980327
1980328
1980329
1980330
1980331
1980401
1980402
1980403
1980404
1980405
1980406
1980407
1980408
1980409
1980410
1980411
1980412
1980413
1980414
1980415
1980416
1980417
1980418
1980419
1980420
1980421
1980422
1980423
1980424
1980425
1980426
1980427
1980428
1980429
1980430
1980431
1980501
1980502
1980503
1980504
1980505
1980506
1980507
1980508
1980509
1980510
1980511
1980512
1980513
1980514
1980515
1980516
1980517
1980518
1980519
1980520
1980521
1980522
1980523
1980524
1980525
1980526
1980527
1980528
1980529
1980530
1980531
1980601
1980602
1980603
1980604
1980605
1980606
1980607
1980608
1980609
1980610
1980611
1980612
1980613
1980614
1980615
1980616
1980617
1980618
1980619
1980620
1980621
1980622
1980623
1980624
1980625
1980626
1980627
1980628
1980629
1980630
1980631
1980701
1980702
1980703
1980704
1980705
1980706
1980707
1980708
1980709
1980710
1980711
1980712
1980713
1980714
1980715
1980716
1980717
1980718
1980719
1980720
1980721
1980722
1980723
1980724
1980725
1980726
1980727
1980728
1980729
1980730
1980731
1980801
1980802
1980803
1980804
1980805
1980806
1980807
1980808
1980809
1980810
1980811
1980812
1980813
1980814
1980815
1980816
1980817
1980818
1980819
1980820
1980821
1980822
1980823
1980824
1980825
1980826
1980827
1980828
1980829
1980830
1980831
1980901
1980902
1980903
1980904
1980905
1980906
1980907
1980908
1980909
1980910
1980911
1980912
1980913
1980914
1980915
1980916
1980917
1980918
1980919
1980920
1980921
1980922
1980923
1980924
1980925
1980926
1980927
1980928
1980929
1980930
1980931
19801001
19801002
19801003
19801004
19801005
19801006
19801007
19801008
19801009
19801010
19801011
19801012
19801013
19801014
19801015
19801016
19801017
19801018
19801019
19801020
19801021
19801022
19801023
19801024
19801025
19801026
19801027
19801028
19801029
19801030
19801031
19801101
19801102
19801103
19801104
19801105
19801106
19801107
19801108
19801109
19801110
19801111
19801112
19801113
19801114
19801115
19801116
19801117
19801118
19801119
19801120
19801121
19801122
19801123
19801124
19801125
19801126
19801127
19801128
19801129
19801130
19801131
19801201
19801202
19801203
19801204
19801205
19801206
19801207
19801208
19801209
19801210
19801211
19801212
19801213
19801214
19801215
19801216
19801217
19801218
19801219
19801220
19801221
19801222
19801223
19801224
19801225
19801226
19801227
19801228
19801229
19801230
19801231
1981101
1981102
1981103
1981104
1981105
1981106
1981107
1981108
1981109
1981110
1981111
1981112
1981113
1981114
1981115
1981116
1981117
1981118
1981119
1981120
1981121
1981122
1981123
1981124
1981125
1981126
1981127
1981128
1981129
1981130
1981131
1981201
1981202
1981203
1981204
1981205
1981206
1981207
1981208
1981209
1981210
1981211
1981212
1981213
1981214
1981215
1981216
1981217
1981218
1981219
1981220
1981221
1981222
1981223
1981224
1981225
1981226
1981227
1981228
1981229
1981230
1981231
1981301
1981302
1981303
1981304
1981305
1981306
1981307
1981308
1981309
1981310
1981311
1981312
1981313
1981314
1981315
1981316
1981317
1981318
1981319
1981320
1981321
1981322
1981323
1981324
1981325
1981326
1981327
1981328
1981329
1981330
1981331
1981401
1981402
1981403
1981404
1981405
1981406
1981407
1981408
1981409
1981410
1981411
1981412
1981413
1981414
1981415
1981416
1981417
1981418
1981419
1981420
1981421
1981422
1981423
1981424
1981425
1981426
1981427
1981428
1981429
1981430
1981431
1981501
1981502
1981503
1981504
1981505
1981506
1981507
1981508
1981509
1981510
1981511
1981512
1981513
1981514
1981515
1981516
1981517
1981518
1981519
1981520
1981521
1981522
1981523
1981524
1981525
1981526
1981527
1981528
1981529
1981530
1981531
1981601
1981602
1981603
1981604
1981605
1981606
1981607
1981608
1981609
1981610
1981611
1981612
1981613
1981614
1981615
1981616
1981617
1981618
1981619
1981620
1981621
1981622
1981623
1981624
1981625
1981626
1981627
1981628
1981629
1981630
1981631
1981701
1981702
1981703
1981704
1981705
1981706
1981707
1981708
1981709
1981710
1981711
1981712
1981713
1981714
1981715
1981716
1981717
1981718
1981719
1981720
1981721
1981722
1981723
1981724
1981725
1981726
1981727
1981728
1981729
1981730
1981731
1981801
1981802
1981803
1981804
1981805
1981806
1981807
1981808
1981809
1981810
1981811
1981812
1981813
1981814
1981815
1981816
1981817
1981818
1981819
1981820
1981821
1981822
1981823
1981824
1981825
1981826
1981827
1981828
1981829
1981830
1981831
1981901
1981902
1981903
1981904
1981905
1981906
1981907
1981908
1981909
1981910
1981911
1981912
1981913
1981914
1981915
1981916
1981917
1981918
1981919
1981920
1981921
1981922
1981923
1981924
1981925
1981926
1981927
1981928
1981929
1981930
1981931
19811001
19811002
19811003
19811004
19811005
19811006
19811007
19811008
19811009
19811010
19811011
19811012
19811013
19811014
19811015
19811016
19811017
19811018
19811019
19811020
19811021
19811022
19811023
19811024
19811025
19811026
19811027
19811028
19811029
19811030
19811031
19811101
19811102
19811103
19811104
19811105
19811106
19811107
19811108
19811109
19811110
19811111
19811112
19811113
19811114
19811115
19811116
19811117
19811118
19811119
19811120
19811121
19811122
19811123
19811124
19811125
19811126
19811127
19811128
19811129
19811130
19811131
19811201
19811202
19811203
19811204
19811205
19811206
19811207
19811208
19811209
19811210
19811211
19811212
19811213
19811214
19811215
19811216
19811217
19811218
19811219
19811220
19811221
19811222
19811223
19811224
19811225
19811226
19811227
19811228
19811229
19811230
19811231
1982101
1982102
1982103
1982104
1982105
1982106
1982107
1982108
1982109
1982110
1982111
1982112
1982113
1982114
1982115
1982116
1982117
1982118
1982119
1982120
1982121
1982122
1982123
1982124
1982125
1982126
1982127
1982128
1982129
1982130
1982131
1982201
1982202
1982203
1982204
1982205
1982206
1982207
1982208
1982209
1982210
1982211
1982212
1982213
1982214
1982215
1982216
1982217
1982218
1982219
1982220
1982221
1982222
1982223
1982224
1982225
1982226
1982227
1982228
1982229
1982230
1982231
1982301
1982302
1982303
1982304
1982305
1982306
1982307
1982308
1982309
1982310
1982311
1982312
1982313
1982314
1982315
1982316
1982317
1982318
1982319
1982320
1982321
1982322
1982323
1982324
1982325
1982326
1982327
1982328
1982329
1982330
1982331
1982401
1982402
1982403
1982404
1982405
1982406
1982407
1982408
1982409
1982410
1982411
1982412
1982413
1982414
1982415
1982416
1982417
1982418
1982419
1982420
1982421
1982422
1982423
1982424
1982425
1982426
1982427
1982428
1982429
1982430
1982431
1982501
1982502
1982503
1982504
1982505
1982506
1982507
1982508
1982509
1982510
1982511
1982512
1982513
1982514
1982515
1982516
1982517
1982518
1982519
1982520
1982521
1982522
1982523
1982524
1982525
1982526
1982527
1982528
1982529
1982530
1982531
1982601
1982602
1982603
1982604
1982605
1982606
1982607
1982608
1982609
1982610
1982611
1982612
1982613
1982614
1982615
1982616
1982617
1982618
1982619
1982620
1982621
1982622
1982623
1982624
1982625
1982626
1982627
1982628
1982629
1982630
1982631
1982701
1982702
1982703
1982704
1982705
1982706
1982707
1982708
1982709
1982710
1982711
1982712
1982713
1982714
1982715
1982716
1982717
1982718
1982719
1982720
1982721
1982722
1982723
1982724
1982725
1982726
1982727
1982728
1982729
1982730
1982731
1982801
1982802
1982803
1982804
1982805
1982806
1982807
1982808
1982809
1982810
1982811
1982812
1982813
1982814
1982815
1982816
1982817
1982818
1982819
1982820
1982821
1982822
1982823
1982824
1982825
1982826
1982827
1982828
1982829
1982830
1982831
1982901
1982902
1982903
1982904
1982905
1982906
1982907
1982908
1982909
1982910
1982911
1982912
1982913
1982914
1982915
1982916
1982917
1982918
1982919
1982920
1982921
1982922
1982923
1982924
1982925
1982926
1982927
1982928
1982929
1982930
1982931
19821001
19821002
19821003
19821004
19821005
19821006
19821007
19821008
19821009
19821010
19821011
19821012
19821013
19821014
19821015
19821016
19821017
19821018
19821019
19821020
19821021
19821022
19821023
19821024
19821025
19821026
19821027
19821028
19821029
19821030
19821031
19821101
19821102
19821103
19821104
19821105
19821106
19821107
19821108
19821109
19821110
19821111
19821112
19821113
19821114
19821115
19821116
19821117
19821118
19821119
19821120
19821121
19821122
19821123
19821124
19821125
19821126
19821127
19821128
19821129
19821130
19821131
19821201
19821202
19821203
19821204
19821205
19821206
19821207
19821208
19821209
19821210
19821211
19821212
19821213
19821214
19821215
19821216
19821217
19821218
19821219
19821220
19821221
19821222
19821223
19821224
19821225
19821226
19821227
19821228
19821229
19821230
19821231
1983101
1983102
1983103
1983104
1983105
1983106
1983107
1983108
1983109
1983110
1983111
1983112
1983113
1983114
1983115
1983116
1983117
1983118
1983119
1983120
1983121
1983122
1983123
1983124
1983125
1983126
1983127
1983128
1983129
1983130
1983131
1983201
1983202
1983203
1983204
1983205
1983206
1983207
1983208
1983209
1983210
1983211
1983212
1983213
1983214
1983215
1983216
1983217
1983218
1983219
1983220
1983221
1983222
1983223
1983224
1983225
1983226
1983227
1983228
1983229
1983230
1983231
1983301
1983302
1983303
1983304
1983305
1983306
1983307
1983308
1983309
1983310
1983311
1983312
1983313
1983314
1983315
1983316
1983317
1983318
1983319
1983320
1983321
1983322
1983323
1983324
1983325
1983326
1983327
1983328
1983329
1983330
1983331
1983401
1983402
1983403
1983404
1983405
1983406
1983407
1983408
1983409
1983410
1983411
1983412
1983413
1983414
1983415
1983416
1983417
1983418
1983419
1983420
1983421
1983422
1983423
1983424
1983425
1983426
1983427
1983428
1983429
1983430
1983431
1983501
1983502
1983503
1983504
1983505
1983506
1983507
1983508
1983509
1983510
1983511
1983512
1983513
1983514
1983515
1983516
1983517
1983518
1983519
1983520
1983521
1983522
1983523
1983524
1983525
1983526
1983527
1983528
1983529
1983530
1983531
1983601
1983602
1983603
1983604
1983605
1983606
1983607
1983608
1983609
1983610
1983611
1983612
1983613
1983614
1983615
1983616
1983617
1983618
1983619
1983620
1983621
1983622
1983623
1983624
1983625
1983626
1983627
1983628
1983629
1983630
1983631
1983701
1983702
1983703
1983704
1983705
1983706
1983707
1983708
1983709
1983710
1983711
1983712
1983713
1983714
1983715
1983716
1983717
1983718
1983719
1983720
1983721
1983722
1983723
1983724
1983725
1983726
1983727
1983728
1983729
1983730
1983731
1983801
1983802
1983803
1983804
1983805
1983806
1983807
1983808
1983809
1983810
1983811
1983812
1983813
1983814
1983815
1983816
1983817
1983818
1983819
1983820
1983821
1983822
1983823
1983824
1983825
1983826
1983827
1983828
1983829
1983830
1983831
1983901
1983902
1983903
1983904
1983905
1983906
1983907
1983908
1983909
1983910
1983911
1983912
1983913
1983914
1983915
1983916
1983917
1983918
1983919
1983920
1983921
1983922
1983923
1983924
1983925
1983926
1983927
1983928
1983929
1983930
1983931
19831001
19831002
19831003
19831004
19831005
19831006
19831007
19831008
19831009
19831010
19831011
19831012
19831013
19831014
19831015
19831016
19831017
19831018
19831019
19831020
19831021
19831022
19831023
19831024
19831025
19831026
19831027
19831028
19831029
19831030
19831031
19831101
19831102
19831103
19831104
19831105
19831106
19831107
19831108
19831109
19831110
19831111
19831112
19831113
19831114
19831115
19831116
19831117
19831118
19831119
19831120
19831121
19831122
19831123
19831124
19831125
19831126
19831127
19831128
19831129
19831130
19831131
19831201
19831202
19831203
19831204
19831205
19831206
19831207
19831208
19831209
19831210
19831211
19831212
19831213
19831214
19831215
19831216
19831217
19831218
19831219
19831220
19831221
19831222
19831223
19831224
19831225
19831226
19831227
19831228
19831229
19831230
19831231
1984101
1984102
1984103
1984104
1984105
1984106
1984107
1984108
1984109
1984110
1984111
1984112
1984113
1984114
1984115
1984116
1984117
1984118
1984119
1984120
1984121
1984122
1984123
1984124
1984125
1984126
1984127
1984128
1984129
1984130
1984131
1984201
1984202
1984203
1984204
1984205
1984206
1984207
1984208
1984209
1984210
1984211
1984212
1984213
1984214
1984215
1984216
1984217
1984218
1984219
1984220
1984221
1984222
1984223
1984224
1984225
1984226
1984227
1984228
1984229
1984230
1984231
1984301
1984302
1984303
1984304
1984305
1984306
1984307
1984308
1984309
1984310
1984311
1984312
1984313
1984314
1984315
1984316
1984317
1984318
1984319
1984320
1984321
1984322
1984323
1984324
1984325
1984326
1984327
1984328
1984329
1984330
1984331
1984401
1984402
1984403
1984404
1984405
1984406
1984407
1984408
1984409
1984410
1984411
1984412
1984413
1984414
1984415
1984416
1984417
1984418
1984419
1984420
1984421
1984422
1984423
1984424
1984425
1984426
1984427
1984428
1984429
1984430
1984431
1984501
1984502
1984503
1984504
1984505
1984506
1984507
1984508
1984509
1984510
1984511
1984512
1984513
1984514
1984515
1984516
1984517
1984518
1984519
1984520
1984521
1984522
1984523
1984524
1984525
1984526
1984527
1984528
1984529
1984530
1984531
1984601
1984602
1984603
1984604
1984605
1984606
1984607
1984608
1984609
1984610
1984611
1984612
1984613
1984614
1984615
1984616
1984617
1984618
1984619
1984620
1984621
1984622
1984623
1984624
1984625
1984626
1984627
1984628
1984629
1984630
1984631
1984701
1984702
1984703
1984704
1984705
1984706
1984707
1984708
1984709
1984710
1984711
1984712
1984713
1984714
1984715
1984716
1984717
1984718
1984719
1984720
1984721
1984722
1984723
1984724
1984725
1984726
1984727
1984728
1984729
1984730
1984731
1984801
1984802
1984803
1984804
1984805
1984806
1984807
1984808
1984809
1984810
1984811
1984812
1984813
1984814
1984815
1984816
1984817
1984818
1984819
1984820
1984821
1984822
1984823
1984824
1984825
1984826
1984827
1984828
1984829
1984830
1984831
1984901
1984902
1984903
1984904
1984905
1984906
1984907
1984908
1984909
1984910
1984911
1984912
1984913
1984914
1984915
1984916
1984917
1984918
1984919
1984920
1984921
1984922
1984923
1984924
1984925
1984926
1984927
1984928
1984929
1984930
1984931
19841001
19841002
19841003
19841004
19841005
19841006
19841007
19841008
19841009
19841010
19841011
19841012
19841013
19841014
19841015
19841016
19841017
19841018
19841019
19841020
19841021
19841022
19841023
19841024
19841025
19841026
19841027
19841028
19841029
19841030
19841031
19841101
19841102
19841103
19841104
19841105
19841106
19841107
19841108
19841109
19841110
19841111
19841112
19841113
19841114
19841115
19841116
19841117
19841118
19841119
19841120
19841121
19841122
19841123
19841124
19841125
19841126
19841127
19841128
19841129
19841130
19841131
19841201
19841202
19841203
19841204
19841205
19841206
19841207
19841208
19841209
19841210
19841211
19841212
19841213
19841214
19841215
19841216
19841217
19841218
19841219
19841220
19841221
19841222
19841223
19841224
19841225
19841226
19841227
19841228
19841229
19841230
19841231
1985101
1985102
1985103
1985104
1985105
1985106
1985107
1985108
1985109
1985110
1985111
1985112
1985113
1985114
1985115
1985116
1985117
1985118
1985119
1985120
1985121
1985122
1985123
1985124
1985125
1985126
1985127
1985128
1985129
1985130
1985131
1985201
1985202
1985203
1985204
1985205
1985206
1985207
1985208
1985209
1985210
1985211
1985212
1985213
1985214
1985215
1985216
1985217
1985218
1985219
1985220
1985221
1985222
1985223
1985224
1985225
1985226
1985227
1985228
1985229
1985230
1985231
1985301
1985302
1985303
1985304
1985305
1985306
1985307
1985308
1985309
1985310
1985311
1985312
1985313
1985314
1985315
1985316
1985317
1985318
1985319
1985320
1985321
1985322
1985323
1985324
1985325
1985326
1985327
1985328
1985329
1985330
1985331
1985401
1985402
1985403
1985404
1985405
1985406
1985407
1985408
1985409
1985410
1985411
1985412
1985413
1985414
1985415
1985416
1985417
1985418
1985419
1985420
1985421
1985422
1985423
1985424
1985425
1985426
1985427
1985428
1985429
1985430
1985431
1985501
1985502
1985503
1985504
1985505
1985506
1985507
1985508
1985509
1985510
1985511
1985512
1985513
1985514
1985515
1985516
1985517
1985518
1985519
1985520
1985521
1985522
1985523
1985524
1985525
1985526
1985527
1985528
1985529
1985530
1985531
1985601
1985602
1985603
1985604
1985605
1985606
1985607
1985608
1985609
1985610
1985611
1985612
1985613
1985614
1985615
1985616
1985617
1985618
1985619
1985620
1985621
1985622
1985623
1985624
1985625
1985626
1985627
1985628
1985629
1985630
1985631
1985701
1985702
1985703
1985704
1985705
1985706
1985707
1985708
1985709
1985710
1985711
1985712
1985713
1985714
1985715
1985716
1985717
1985718
1985719
1985720
1985721
1985722
1985723
1985724
1985725
1985726
1985727
1985728
1985729
1985730
1985731
1985801
1985802
1985803
1985804
1985805
1985806
1985807
1985808
1985809
1985810
1985811
1985812
1985813
1985814
1985815
1985816
1985817
1985818
1985819
1985820
1985821
1985822
1985823
1985824
1985825
1985826
1985827
1985828
1985829
1985830
1985831
1985901
1985902
1985903
1985904
1985905
1985906
1985907
1985908
1985909
1985910
1985911
1985912
1985913
1985914
1985915
1985916
1985917
1985918
1985919
1985920
1985921
1985922
1985923
1985924
1985925
1985926
1985927
1985928
1985929
1985930
1985931
19851001
19851002
19851003
19851004
19851005
19851006
19851007
19851008
19851009
19851010
19851011
19851012
19851013
19851014
19851015
19851016
19851017
19851018
19851019
19851020
19851021
19851022
19851023
19851024
19851025
19851026
19851027
19851028
19851029
19851030
19851031
19851101
19851102
19851103
19851104
19851105
19851106
19851107
19851108
19851109
19851110
19851111
19851112
19851113
19851114
19851115
19851116
19851117
19851118
19851119
19851120
19851121
19851122
19851123
19851124
19851125
19851126
19851127
19851128
19851129
19851130
19851131
19851201
19851202
19851203
19851204
19851205
19851206
19851207
19851208
19851209
19851210
19851211
19851212
19851213
19851214
19851215
19851216
19851217
19851218
19851219
19851220
19851221
19851222
19851223
19851224
19851225
19851226
19851227
19851228
19851229
19851230
19851231
1986101
1986102
1986103
1986104
1986105
1986106
1986107
1986108
1986109
1986110
1986111
1986112
1986113
1986114
1986115
1986116
1986117
1986118
1986119
1986120
1986121
1986122
1986123
1986124
1986125
1986126
1986127
1986128
1986129
1986130
1986131
1986201
1986202
1986203
1986204
1986205
1986206
1986207
1986208
1986209
1986210
1986211
1986212
1986213
1986214
1986215
1986216
1986217
1986218
1986219
1986220
1986221
1986222
1986223
1986224
1986225
1986226
1986227
1986228
1986229
1986230
1986231
1986301
1986302
1986303
1986304
1986305
1986306
1986307
1986308
1986309
1986310
1986311
1986312
1986313
1986314
1986315
1986316
1986317
1986318
1986319
1986320
1986321
1986322
1986323
1986324
1986325
1986326
1986327
1986328
1986329
1986330
1986331
1986401
1986402
1986403
1986404
1986405
1986406
1986407
1986408
1986409
1986410
1986411
1986412
1986413
1986414
1986415
1986416
1986417
1986418
1986419
1986420
1986421
1986422
1986423
1986424
1986425
1986426
1986427
1986428
1986429
1986430
1986431
1986501
1986502
1986503
1986504
1986505
1986506
1986507
1986508
1986509
1986510
1986511
1986512
1986513
1986514
1986515
1986516
1986517
1986518
1986519
1986520
1986521
1986522
1986523
1986524
1986525
1986526
1986527
1986528
1986529
1986530
1986531
1986601
1986602
1986603
1986604
1986605
1986606
1986607
1986608
1986609
1986610
1986611
1986612
1986613
1986614
1986615
1986616
1986617
1986618
1986619
1986620
1986621
1986622
1986623
1986624
1986625
1986626
1986627
1986628
1986629
1986630
1986631
1986701
1986702
1986703
1986704
1986705
1986706
1986707
1986708
1986709
1986710
1986711
1986712
1986713
1986714
1986715
1986716
1986717
1986718
1986719
1986720
1986721
1986722
1986723
1986724
1986725
1986726
1986727
1986728
1986729
1986730
1986731
1986801
1986802
1986803
1986804
1986805
1986806
1986807
1986808
1986809
1986810
1986811
1986812
1986813
1986814
1986815
1986816
1986817
1986818
1986819
1986820
1986821
1986822
1986823
1986824
1986825
1986826
1986827
1986828
1986829
1986830
1986831
1986901
1986902
1986903
1986904
1986905
1986906
1986907
1986908
1986909
1986910
1986911
1986912
1986913
1986914
1986915
1986916
1986917
1986918
1986919
1986920
1986921
1986922
1986923
1986924
1986925
1986926
1986927
1986928
1986929
1986930
1986931
19861001
19861002
19861003
19861004
19861005
19861006
19861007
19861008
19861009
19861010
19861011
19861012
19861013
19861014
19861015
19861016
19861017
19861018
19861019
19861020
19861021
19861022
19861023
19861024
19861025
19861026
19861027
19861028
19861029
19861030
19861031
19861101
19861102
19861103
19861104
19861105
19861106
19861107
19861108
19861109
19861110
19861111
19861112
19861113
19861114
19861115
19861116
19861117
19861118
19861119
19861120
19861121
19861122
19861123
19861124
19861125
19861126
19861127
19861128
19861129
19861130
19861131
19861201
19861202
19861203
19861204
19861205
19861206
19861207
19861208
19861209
19861210
19861211
19861212
19861213
19861214
19861215
19861216
19861217
19861218
19861219
19861220
19861221
19861222
19861223
19861224
19861225
19861226
19861227
19861228
19861229
19861230
19861231
1987101
1987102
1987103
1987104
1987105
1987106
1987107
1987108
1987109
1987110
1987111
1987112
1987113
1987114
1987115
1987116
1987117
1987118
1987119
1987120
1987121
1987122
1987123
1987124
1987125
1987126
1987127
1987128
1987129
1987130
1987131
1987201
1987202
1987203
1987204
1987205
1987206
1987207
1987208
1987209
1987210
1987211
1987212
1987213
1987214
1987215
1987216
1987217
1987218
1987219
1987220
1987221
1987222
1987223
1987224
1987225
1987226
1987227
1987228
1987229
1987230
1987231
1987301
1987302
1987303
1987304
1987305
1987306
1987307
1987308
1987309
1987310
1987311
1987312
1987313
1987314
1987315
1987316
1987317
1987318
1987319
1987320
1987321
1987322
1987323
1987324
1987325
1987326
1987327
1987328
1987329
1987330
1987331
1987401
1987402
1987403
1987404
1987405
1987406
1987407
1987408
1987409
1987410
1987411
1987412
1987413
1987414
1987415
1987416
1987417
1987418
1987419
1987420
1987421
1987422
1987423
1987424
1987425
1987426
1987427
1987428
1987429
1987430
1987431
1987501
1987502
1987503
1987504
1987505
1987506
1987507
1987508
1987509
1987510
1987511
1987512
1987513
1987514
1987515
1987516
1987517
1987518
1987519
1987520
1987521
1987522
1987523
1987524
1987525
1987526
1987527
1987528
1987529
1987530
1987531
1987601
1987602
1987603
1987604
1987605
1987606
1987607
1987608
1987609
1987610
1987611
1987612
1987613
1987614
1987615
1987616
1987617
1987618
1987619
1987620
1987621
1987622
1987623
1987624
1987625
1987626
1987627
1987628
1987629
1987630
1987631
1987701
1987702
1987703
1987704
1987705
1987706
1987707
1987708
1987709
1987710
1987711
1987712
1987713
1987714
1987715
1987716
1987717
1987718
1987719
1987720
1987721
1987722
1987723
1987724
1987725
1987726
1987727
1987728
1987729
1987730
1987731
1987801
1987802
1987803
1987804
1987805
1987806
1987807
1987808
1987809
1987810
1987811
1987812
1987813
1987814
1987815
1987816
1987817
1987818
1987819
1987820
1987821
1987822
1987823
1987824
1987825
1987826
1987827
1987828
1987829
1987830
1987831
1987901
1987902
1987903
1987904
1987905
1987906
1987907
1987908
1987909
1987910
1987911
1987912
1987913
1987914
1987915
1987916
1987917
1987918
1987919
1987920
1987921
1987922
1987923
1987924
1987925
1987926
1987927
1987928
1987929
1987930
1987931
19871001
19871002
19871003
19871004
19871005
19871006
19871007
19871008
19871009
19871010
19871011
19871012
19871013
19871014
19871015
19871016
19871017
19871018
19871019
19871020
19871021
19871022
19871023
19871024
19871025
19871026
19871027
19871028
19871029
19871030
19871031
19871101
19871102
19871103
19871104
19871105
19871106
19871107
19871108
19871109
19871110
19871111
19871112
19871113
19871114
19871115
19871116
19871117
19871118
19871119
19871120
19871121
19871122
19871123
19871124
19871125
19871126
19871127
19871128
19871129
19871130
19871131
19871201
19871202
19871203
19871204
19871205
19871206
19871207
19871208
19871209
19871210
19871211
19871212
19871213
19871214
19871215
19871216
19871217
19871218
19871219
19871220
19871221
19871222
19871223
19871224
19871225
19871226
19871227
19871228
19871229
19871230
19871231
1988101
1988102
1988103
1988104
1988105
1988106
1988107
1988108
1988109
1988110
1988111
1988112
1988113
1988114
1988115
1988116
1988117
1988118
1988119
1988120
1988121
1988122
1988123
1988124
1988125
1988126
1988127
1988128
1988129
1988130
1988131
1988201
1988202
1988203
1988204
1988205
1988206
1988207
1988208
1988209
1988210
1988211
1988212
1988213
1988214
1988215
1988216
1988217
1988218
1988219
1988220
1988221
1988222
1988223
1988224
1988225
1988226
1988227
1988228
1988229
1988230
1988231
1988301
1988302
1988303
1988304
1988305
1988306
1988307
1988308
1988309
1988310
1988311
1988312
1988313
1988314
1988315
1988316
1988317
1988318
1988319
1988320
1988321
1988322
1988323
1988324
1988325
1988326
1988327
1988328
1988329
1988330
1988331
1988401
1988402
1988403
1988404
1988405
1988406
1988407
1988408
1988409
1988410
1988411
1988412
1988413
1988414
1988415
1988416
1988417
1988418
1988419
1988420
1988421
1988422
1988423
1988424
1988425
1988426
1988427
1988428
1988429
1988430
1988431
1988501
1988502
1988503
1988504
1988505
1988506
1988507
1988508
1988509
1988510
1988511
1988512
1988513
1988514
1988515
1988516
1988517
1988518
1988519
1988520
1988521
1988522
1988523
1988524
1988525
1988526
1988527
1988528
1988529
1988530
1988531
1988601
1988602
1988603
1988604
1988605
1988606
1988607
1988608
1988609
1988610
1988611
1988612
1988613
1988614
1988615
1988616
1988617
1988618
1988619
1988620
1988621
1988622
1988623
1988624
1988625
1988626
1988627
1988628
1988629
1988630
1988631
1988701
1988702
1988703
1988704
1988705
1988706
1988707
1988708
1988709
1988710
1988711
1988712
1988713
1988714
1988715
1988716
1988717
1988718
1988719
1988720
1988721
1988722
1988723
1988724
1988725
1988726
1988727
1988728
1988729
1988730
1988731
1988801
1988802
1988803
1988804
1988805
1988806
1988807
1988808
1988809
1988810
1988811
1988812
1988813
1988814
1988815
1988816
1988817
1988818
1988819
1988820
1988821
1988822
1988823
1988824
1988825
1988826
1988827
1988828
1988829
1988830
1988831
1988901
1988902
1988903
1988904
1988905
1988906
1988907
1988908
1988909
1988910
1988911
1988912
1988913
1988914
1988915
1988916
1988917
1988918
1988919
1988920
1988921
1988922
1988923
1988924
1988925
1988926
1988927
1988928
1988929
1988930
1988931
19881001
19881002
19881003
19881004
19881005
19881006
19881007
19881008
19881009
19881010
19881011
19881012
19881013
19881014
19881015
19881016
19881017
19881018
19881019
19881020
19881021
19881022
19881023
19881024
19881025
19881026
19881027
19881028
19881029
19881030
19881031
19881101
19881102
19881103
19881104
19881105
19881106
19881107
19881108
19881109
19881110
19881111
19881112
19881113
19881114
19881115
19881116
19881117
19881118
19881119
19881120
19881121
19881122
19881123
19881124
19881125
19881126
19881127
19881128
19881129
19881130
19881131
19881201
19881202
19881203
19881204
19881205
19881206
19881207
19881208
19881209
19881210
19881211
19881212
19881213
19881214
19881215
19881216
19881217
19881218
19881219
19881220
19881221
19881222
19881223
19881224
19881225
19881226
19881227
19881228
19881229
19881230
19881231
1989101
1989102
1989103
1989104
1989105
1989106
1989107
1989108
1989109
1989110
1989111
1989112
1989113
1989114
1989115
1989116
1989117
1989118
1989119
1989120
1989121
1989122
1989123
1989124
1989125
1989126
1989127
1989128
1989129
1989130
1989131
1989201
1989202
1989203
1989204
1989205
1989206
1989207
1989208
1989209
1989210
1989211
1989212
1989213
1989214
1989215
1989216
1989217
1989218
1989219
1989220
1989221
1989222
1989223
1989224
1989225
1989226
1989227
1989228
1989229
1989230
1989231
1989301
1989302
1989303
1989304
1989305
1989306
1989307
1989308
1989309
1989310
1989311
1989312
1989313
1989314
1989315
1989316
1989317
1989318
1989319
1989320
1989321
1989322
1989323
1989324
1989325
1989326
1989327
1989328
1989329
1989330
1989331
1989401
1989402
1989403
1989404
1989405
1989406
1989407
1989408
1989409
1989410
1989411
1989412
1989413
1989414
1989415
1989416
1989417
1989418
1989419
1989420
1989421
1989422
1989423
1989424
1989425
1989426
1989427
1989428
1989429
1989430
1989431
1989501
1989502
1989503
1989504
1989505
1989506
1989507
1989508
1989509
1989510
1989511
1989512
1989513
1989514
1989515
1989516
1989517
1989518
1989519
1989520
1989521
1989522
1989523
1989524
1989525
1989526
1989527
1989528
1989529
1989530
1989531
1989601
1989602
1989603
1989604
1989605
1989606
1989607
1989608
1989609
1989610
1989611
1989612
1989613
1989614
1989615
1989616
1989617
1989618
1989619
1989620
1989621
1989622
1989623
1989624
1989625
1989626
1989627
1989628
1989629
1989630
1989631
1989701
1989702
1989703
1989704
1989705
1989706
1989707
1989708
1989709
1989710
1989711
1989712
1989713
1989714
1989715
1989716
1989717
1989718
1989719
1989720
1989721
1989722
1989723
1989724
1989725
1989726
1989727
1989728
1989729
1989730
1989731
1989801
1989802
1989803
1989804
1989805
1989806
1989807
1989808
1989809
1989810
1989811
1989812
1989813
1989814
1989815
1989816
1989817
1989818
1989819
1989820
1989821
1989822
1989823
1989824
1989825
1989826
1989827
1989828
1989829
1989830
1989831
1989901
1989902
1989903
1989904
1989905
1989906
1989907
1989908
1989909
1989910
1989911
1989912
1989913
1989914
1989915
1989916
1989917
1989918
1989919
1989920
1989921
1989922
1989923
1989924
1989925
1989926
1989927
1989928
1989929
1989930
1989931
19891001
19891002
19891003
19891004
19891005
19891006
19891007
19891008
19891009
19891010
19891011
19891012
19891013
19891014
19891015
19891016
19891017
19891018
19891019
19891020
19891021
19891022
19891023
19891024
19891025
19891026
19891027
19891028
19891029
19891030
19891031
19891101
19891102
19891103
19891104
19891105
19891106
19891107
19891108
19891109
19891110
19891111
19891112
19891113
19891114
19891115
19891116
19891117
19891118
19891119
19891120
19891121
19891122
19891123
19891124
19891125
19891126
19891127
19891128
19891129
19891130
19891131
19891201
19891202
19891203
19891204
19891205
19891206
19891207
19891208
19891209
19891210
19891211
19891212
19891213
19891214
19891215
19891216
19891217
19891218
19891219
19891220
19891221
19891222
19891223
19891224
19891225
19891226
19891227
19891228
19891229
19891230
19891231
